time,QE,QA,QS
'22-Dec-2013 08:00:00',na,0,186.1726334
'22-Dec-2013 09:00:00',na,0,193.6234979
'22-Dec-2013 10:00:00',na,0,197.347637
'22-Dec-2013 11:00:00',na,0,192.5949627
'22-Dec-2013 12:00:00',na,0,192.4589705
'22-Dec-2013 13:00:00',na,0,192.5949088
'22-Dec-2013 14:00:00',na,0,192.7648748
'22-Dec-2013 15:00:00',na,0,192.7648748
'22-Dec-2013 16:00:00',na,0,192.900716
'22-Dec-2013 17:00:00',na,0,193.2063402
'22-Dec-2013 18:00:00',na,0,193.0365789
'22-Dec-2013 19:00:00',na,0,196.7513025
'22-Dec-2013 20:00:00',na,0,202.870904
'22-Dec-2013 21:00:00',na,0,204.6412809
'22-Dec-2013 22:00:00',na,0,204.5639112
'22-Dec-2013 23:00:00',na,0,204.1336375
'23-Dec-2013 00:00:00',na,0,204.3322788
'23-Dec-2013 01:00:00',na,0,204.3984829
'23-Dec-2013 02:00:00',na,0,204.5308236
'23-Dec-2013 03:00:00',na,0,204.7623308
'23-Dec-2013 04:00:00',na,0,212.2989436
'23-Dec-2013 05:00:00',na,0,209.0105577
'23-Dec-2013 06:00:00',na,0,206.0171277
'23-Dec-2013 07:00:00',na,0,207.7254567
'23-Dec-2013 08:00:00',na,0,209.9505734
'23-Dec-2013 09:00:00',na,0,209.8265303
'23-Dec-2013 10:00:00',na,0,209.7610428
'23-Dec-2013 11:00:00',na,0,209.6628812
'23-Dec-2013 12:00:00',na,0,209.3381778
'23-Dec-2013 13:00:00',na,0,209.4054515
'23-Dec-2013 14:00:00',na,0,209.3076716
'23-Dec-2013 15:00:00',na,0,209.2096037
'23-Dec-2013 16:00:00',na,0,209.2545708
'23-Dec-2013 17:00:00',na,0,209.118257
'23-Dec-2013 18:00:00',na,0,209.015455
'23-Dec-2013 19:00:00',na,0,208.8897232
'23-Dec-2013 20:00:00',na,0,214.8327715
'23-Dec-2013 21:00:00',na,0,217.4643275
'23-Dec-2013 22:00:00',na,0,213.7614061
'23-Dec-2013 23:00:00',na,0,211.5239682
'24-Dec-2013 00:00:00',na,0,222.2037476
'24-Dec-2013 01:00:00',na,0,220.2683835
'24-Dec-2013 02:00:00',na,0.19565016,218.5431045
'24-Dec-2013 03:00:00',na,2.547444964,217.9969022
'24-Dec-2013 04:00:00',na,5.422304485,218.125474
'24-Dec-2013 05:00:00',na,8.29716401,218.1254825
'24-Dec-2013 06:00:00',na,11.17202353,218.4510032
'24-Dec-2013 07:00:00',na,14.04688305,223.4764003
'24-Dec-2013 08:00:00',na,16.92174258,223.1070005
'24-Dec-2013 09:00:00',na,19.7966021,222.9226547
'24-Dec-2013 10:00:00',na,22.67146162,222.8271634
'24-Dec-2013 11:00:00',na,25.54632114,222.7316639
'24-Dec-2013 12:00:00',na,28.42118067,222.8271716
'24-Dec-2013 13:00:00',na,31.29604019,222.667984
'24-Dec-2013 14:00:00',na,34.17089971,222.7953193
'24-Dec-2013 15:00:00',na,37.04575923,222.7316476
'24-Dec-2013 16:00:00',na,39.92061876,222.9226302
'24-Dec-2013 17:00:00',na,42.79547828,231.6040493
'24-Dec-2013 18:00:00',na,45.67033781,235.8444292
'24-Dec-2013 19:00:00',na,48.54519733,235.7123012
'24-Dec-2013 20:00:00',na,51.42005685,235.9295368
'24-Dec-2013 21:00:00',na,54.29491637,244.2208012
'24-Dec-2013 22:00:00',na,57.16977589,248.3975533
'24-Dec-2013 23:00:00',na,60.44929612,244.6061739
'25-Dec-2013 00:00:00',na,68.53138305,245.2456106
'25-Dec-2013 01:00:00',na,77.80966485,254.6067308
'25-Dec-2013 02:00:00',na,87.08794664,254.3932456
'25-Dec-2013 03:00:00',na,96.36622845,264.1590835
'25-Dec-2013 04:00:00',na,105.6445103,265.7166096
'25-Dec-2013 05:00:00',na,114.922792,263.365218
'25-Dec-2013 06:00:00',na,124.2010738,267.9720952
'25-Dec-2013 07:00:00',na,136.5626899,275.2652021
'25-Dec-2013 08:00:00',na,154.0631963,281.0716377
'25-Dec-2013 09:00:00',na,171.5637026,281.4681314
'25-Dec-2013 10:00:00',na,189.064209,276.6795311
'25-Dec-2013 11:00:00',na,206.5647154,283.1296241
'25-Dec-2013 12:00:00',na,224.0652218,291.1876221
'25-Dec-2013 13:00:00',na,241.5657282,306.1059894
'25-Dec-2013 14:00:00',na,263.1860363,339.3857497
'25-Dec-2013 15:00:00',na,288.6389748,352.184387
'25-Dec-2013 16:00:00',na,314.0919134,356.5258409
'25-Dec-2013 17:00:00',na,332.7,360.0561675
'25-Dec-2013 18:00:00',na,339.9,363.8012232
'25-Dec-2013 19:00:00',na,347.1,373.9297512
'25-Dec-2013 20:00:00',na,354.3,383.9017195
'25-Dec-2013 21:00:00',na,351.5714286,382.7613862
'25-Dec-2013 22:00:00',na,342.8857143,377.5874431
'25-Dec-2013 23:00:00',na,334.2,369.8576269
'26-Dec-2013 00:00:00',na,325.5142857,361.6385332
'26-Dec-2013 01:00:00',na,316.8285714,356.1738662
'26-Dec-2013 02:00:00',na,308.1428571,350.6452636
'26-Dec-2013 03:00:00',na,299.4571429,344.3377127
'26-Dec-2013 04:00:00',na,290.7714286,337.6883347
'26-Dec-2013 05:00:00',na,282.0919861,329.403216
'26-Dec-2013 06:00:00',na,273.4878049,318.6187305
'26-Dec-2013 07:00:00',na,264.902439,304.851828
'26-Dec-2013 08:00:00',na,256.3170732,288.1702592
'26-Dec-2013 09:00:00',na,247.7317073,275.9889255
'26-Dec-2013 10:00:00',na,239.1463415,270.296878
'26-Dec-2013 11:00:00',na,230.5609756,273.295217
'26-Dec-2013 12:00:00',na,221.9756097,273.5383873
'26-Dec-2013 13:00:00',na,213.3902439,267.5839208
'26-Dec-2013 14:00:00',na,204.804878,265.0752254
'26-Dec-2013 15:00:00',na,196.2195122,261.706053
'26-Dec-2013 16:00:00',na,190.5478292,260.2567367
'26-Dec-2013 17:00:00',na,186.6243559,260.2575923
'26-Dec-2013 18:00:00',na,182.7008826,257.6627894
'26-Dec-2013 19:00:00',na,178.7774092,254.8286604
'26-Dec-2013 20:00:00',na,174.8539359,254.9579954
'26-Dec-2013 21:00:00',na,170.9304626,254.8939859
'26-Dec-2013 22:00:00',na,167.0069893,253.1138245
'26-Dec-2013 23:00:00',na,163.083516,249.6203867
'27-Dec-2013 00:00:00',na,159.1600426,249.5901237
'27-Dec-2013 01:00:00',na,155.2365693,249.4993874
'27-Dec-2013 02:00:00',na,151.313096,240.5157826
'27-Dec-2013 03:00:00',na,147.3896227,245.6323707
'27-Dec-2013 04:00:00',na,143.4661494,237.5504201
'27-Dec-2013 05:00:00',na,139.5426761,237.3547114
'27-Dec-2013 06:00:00',na,135.6192028,234.6219056
'27-Dec-2013 07:00:00',na,131.6957294,232.7554716
'27-Dec-2013 08:00:00',na,127.7722561,233.00512
'27-Dec-2013 09:00:00',na,123.8487828,232.9115112
'27-Dec-2013 10:00:00',na,119.9253095,232.7242561
'27-Dec-2013 11:00:00',na,116.0018362,228.9245292
'27-Dec-2013 12:00:00',na,112.0783629,226.0634571
'27-Dec-2013 13:00:00',na,108.1548895,226.6902243
'27-Dec-2013 14:00:00',na,104.2314162,228.5927146
'27-Dec-2013 15:00:00',na,100.9798947,229.671994
'27-Dec-2013 16:00:00',na,99.88150913,228.8054671
'27-Dec-2013 17:00:00',na,98.93072587,227.7395294
'27-Dec-2013 18:00:00',na,97.9799426,226.3492328
'27-Dec-2013 19:00:00',na,97.02915934,224.9534492
'27-Dec-2013 20:00:00',na,96.07837607,228.1987304
'27-Dec-2013 21:00:00',na,95.1275928,232.0243876
'27-Dec-2013 22:00:00',na,94.17680954,230.2115692
'27-Dec-2013 23:00:00',na,93.22602628,230.6980143
'28-Dec-2013 00:00:00',na,92.27524301,232.6784654
'28-Dec-2013 01:00:00',na,91.32445974,232.4034423
'28-Dec-2013 02:00:00',na,90.37367648,230.5988921
'28-Dec-2013 03:00:00',na,89.42289321,230.3415874
'28-Dec-2013 04:00:00',na,88.47210995,229.9910029
'28-Dec-2013 05:00:00',na,87.52132668,229.7714816
'28-Dec-2013 06:00:00',na,86.57054342,229.3585692
'28-Dec-2013 07:00:00',na,85.61976015,228.4513084
'28-Dec-2013 08:00:00',na,84.66897689,228.4299253
'28-Dec-2013 09:00:00',na,83.71819362,228.775988
'28-Dec-2013 10:00:00',na,82.76741036,227.8616293
'28-Dec-2013 11:00:00',na,81.81662709,225.8103936
'28-Dec-2013 12:00:00',na,80.86584383,225.8420276
'28-Dec-2013 13:00:00',na,79.91506056,225.6521602
'28-Dec-2013 14:00:00',na,78.9642773,224.350356
'28-Dec-2013 15:00:00',na,78.01349403,221.5522324
'28-Dec-2013 16:00:00',na,77.06271076,221.8393971
'28-Dec-2013 17:00:00',na,76.1119275,221.9224577
'28-Dec-2013 18:00:00',na,75.16114423,222.1443467
'28-Dec-2013 19:00:00',na,74.21036097,222.1166207
'28-Dec-2013 20:00:00',na,73.2595777,222.2907914
'28-Dec-2013 21:00:00',na,72.30879444,224.1853874
'28-Dec-2013 22:00:00',na,71.35801117,228.7611602
'28-Dec-2013 23:00:00',na,70.40722791,226.2445075
'29-Dec-2013 00:00:00',na,69.45644464,225.3838298
'29-Dec-2013 01:00:00',na,68.50566138,225.2509282
'29-Dec-2013 02:00:00',na,67.55487811,225.388412
'29-Dec-2013 03:00:00',na,66.60409485,225.4509965
'29-Dec-2013 04:00:00',na,65.65331158,225.577794
'29-Dec-2013 05:00:00',na,64.70252832,225.4992073
'29-Dec-2013 06:00:00',na,63.75174505,225.1633599
'29-Dec-2013 07:00:00',na,62.80096179,224.9045924
'29-Dec-2013 08:00:00',na,61.85017852,224.5850609
'29-Dec-2013 09:00:00',na,60.89939526,224.1848322
'29-Dec-2013 10:00:00',na,59.94861199,224.0322124
'29-Dec-2013 11:00:00',na,58.99782872,224.2937016
'29-Dec-2013 12:00:00',na,58.04704546,224.4186533
'29-Dec-2013 13:00:00',na,57.09626219,224.3844812
'29-Dec-2013 14:00:00',na,56.14547893,224.352743
'29-Dec-2013 15:00:00',na,55.19469566,224.2892745
'29-Dec-2013 16:00:00',na,54.2439124,224.0352875
'29-Dec-2013 17:00:00',na,53.29312913,224.1305508
'29-Dec-2013 18:00:00',na,52.34234587,223.1423546
'29-Dec-2013 19:00:00',na,51.3915626,220.3700128
'29-Dec-2013 20:00:00',na,50.44077934,220.5299281
'29-Dec-2013 21:00:00',na,49.48999607,220.49796
'29-Dec-2013 22:00:00',na,48.53921281,220.8126627
'29-Dec-2013 23:00:00',na,47.58842954,220.8084945
'30-Dec-2013 00:00:00',na,46.63764628,220.9299233
'30-Dec-2013 01:00:00',na,45.68686301,220.8008818
'30-Dec-2013 02:00:00',na,44.73607974,220.6567962
'30-Dec-2013 03:00:00',na,43.78529648,220.6673042
'30-Dec-2013 04:00:00',na,42.83451322,220.6783921
'30-Dec-2013 05:00:00',na,41.88372995,220.4020714
'30-Dec-2013 06:00:00',na,40.93294668,220.6302843
'30-Dec-2013 07:00:00',na,39.98216342,220.5938892
'30-Dec-2013 08:00:00',na,39.03138015,220.3700128
'30-Dec-2013 09:00:00',na,38.08059689,220.4339822
'30-Dec-2013 10:00:00',na,37.12981362,220.4659669
'30-Dec-2013 11:00:00',na,36.17903036,211.6997285
'30-Dec-2013 12:00:00',na,35.22824709,224.5386902
'30-Dec-2013 13:00:00',na,34.27746383,216.8084764
'30-Dec-2013 14:00:00',na,33.32668056,216.7415492
'30-Dec-2013 15:00:00',na,32.3758973,216.8060022
'30-Dec-2013 16:00:00',na,31.42511403,216.9993098
'30-Dec-2013 17:00:00',na,30.47433077,216.9360854
'30-Dec-2013 18:00:00',na,29.5235475,216.9670875
'30-Dec-2013 19:00:00',na,28.57276423,222.7848518
'30-Dec-2013 20:00:00',na,27.62198097,224.8674827
'30-Dec-2013 21:00:00',na,26.6711977,224.5113859
'30-Dec-2013 22:00:00',na,25.72041444,221.8689585
'30-Dec-2013 23:00:00',na,24.76963117,220.6897767
'31-Dec-2013 00:00:00',na,23.84848463,220.5619211
'31-Dec-2013 01:00:00',na,23.28297872,220.6578503
'31-Dec-2013 02:00:00',na,22.80638298,220.4339906
'31-Dec-2013 03:00:00',na,22.32978724,220.689785
'31-Dec-2013 04:00:00',na,21.85319149,220.9135613
'31-Dec-2013 05:00:00',na,21.37659575,220.9455044
'31-Dec-2013 06:00:00',na,20.9,220.8816016
'31-Dec-2013 07:00:00',na,20.42340426,220.8176821
'31-Dec-2013 08:00:00',na,19.94680851,220.5299364
'31-Dec-2013 09:00:00',na,19.47021277,220.4339822
'31-Dec-2013 10:00:00',na,18.99361702,220.0820081
'31-Dec-2013 11:00:00',na,18.51702128,220.1780292
'31-Dec-2013 12:00:00',na,18.04042553,214.7276953
'31-Dec-2013 13:00:00',na,17.56382979,212.5656078
'31-Dec-2013 14:00:00',na,17.08723404,222.4064983
'31-Dec-2013 15:00:00',na,16.6106383,212.420536
'31-Dec-2013 16:00:00',na,16.13404256,220.6082967
'31-Dec-2013 17:00:00',na,15.65744681,213.0855401
'31-Dec-2013 18:00:00',na,15.18085106,212.6306317
'31-Dec-2013 19:00:00',na,14.70425532,213.1180163
'31-Dec-2013 20:00:00',na,14.22765958,213.2803798
'31-Dec-2013 21:00:00',na,13.75106383,215.875812
'31-Dec-2013 22:00:00',na,13.27446809,216.7160793
'31-Dec-2013 23:00:00',na,12.79787234,216.6770877
'01-Jan-2014 00:00:00',na,12.09386282,217.4366225
'01-Jan-2014 01:00:00',na,11.01083033,218.3501498
'01-Jan-2014 02:00:00',na,9.927797835,218.0612094
'01-Jan-2014 03:00:00',na,8.844765343,218.0612094
'01-Jan-2014 04:00:00',na,7.761732853,217.9647656
'01-Jan-2014 05:00:00',na,6.678700361,214.8335302
'01-Jan-2014 06:00:00',na,5.595667871,214.0589039
'01-Jan-2014 07:00:00',na,4.51263538,214.0588775
'01-Jan-2014 08:00:00',na,3.429602888,213.5400119
'01-Jan-2014 09:00:00',na,2.346570399,213.2154451
'01-Jan-2014 10:00:00',na,1.263537906,213.2154362
'01-Jan-2014 11:00:00',na,0.236913359,213.2478946
'01-Jan-2014 12:00:00',na,0,213.5075801
'01-Jan-2014 13:00:00',na,0,213.442681
'01-Jan-2014 14:00:00',na,0,213.2803798
'01-Jan-2014 15:00:00',na,0,210.3374436
'01-Jan-2014 16:00:00',na,0,205.6212354
'01-Jan-2014 17:00:00',na,0,209.4287567
'01-Jan-2014 18:00:00',na,0,210.9947578
'01-Jan-2014 19:00:00',na,0,210.6433431
'01-Jan-2014 20:00:00',na,0,210.8065526
'01-Jan-2014 21:00:00',na,0,210.9370875
'01-Jan-2014 22:00:00',na,0,210.9370875
'01-Jan-2014 23:00:00',na,0,210.8391909
'02-Jan-2014 00:00:00',na,0,210.7739235
'02-Jan-2014 01:00:00',na,0,210.8391909
'02-Jan-2014 02:00:00',na,0,210.708647
'02-Jan-2014 03:00:00',na,0,210.3167693
'02-Jan-2014 04:00:00',na,0,210.5780484
'02-Jan-2014 05:00:00',na,0,210.4145651
'02-Jan-2014 06:00:00',na,0,204.9276341
'02-Jan-2014 07:00:00',na,0,205.3571484
'02-Jan-2014 08:00:00',na,0,205.3241184
'02-Jan-2014 09:00:00',na,0,207.8508292
'02-Jan-2014 10:00:00',na,0,208.0118658
'02-Jan-2014 11:00:00',na,0,207.6957647
'02-Jan-2014 12:00:00',na,0,207.6629237
'02-Jan-2014 13:00:00',na,0,207.6957834
'02-Jan-2014 14:00:00',na,0,207.3999338
'02-Jan-2014 15:00:00',na,0,207.0053176
'02-Jan-2014 16:00:00',na,0,206.4782635
'02-Jan-2014 17:00:00',na,0,201.7433034
'02-Jan-2014 18:00:00',na,0,201.9097169
'02-Jan-2014 19:00:00',na,0,201.7765861
'02-Jan-2014 20:00:00',na,0,202.042759
'02-Jan-2014 21:00:00',na,0,202.2755802
'02-Jan-2014 22:00:00',na,0,202.4227351
'02-Jan-2014 23:00:00',na,0,202.313111
'03-Jan-2014 00:00:00',na,0,202.3870004
'03-Jan-2014 01:00:00',na,0,202.4760298
'03-Jan-2014 02:00:00',na,0,202.2585257
'03-Jan-2014 03:00:00',na,0,201.882491
'03-Jan-2014 04:00:00',na,0,202.1779543
'03-Jan-2014 05:00:00',na,0,202.2426426
'03-Jan-2014 06:00:00',na,0,202.2093894
'03-Jan-2014 07:00:00',na,0,202.2093796
'03-Jan-2014 08:00:00',na,0,202.1759144
'03-Jan-2014 09:00:00',na,0,202.2755998
'03-Jan-2014 10:00:00',na,0,202.1758109
'03-Jan-2014 11:00:00',na,0,201.7433133
'03-Jan-2014 12:00:00',na,0,201.8098787
'03-Jan-2014 13:00:00',na,0,201.8098787
'03-Jan-2014 14:00:00',na,0,201.7433034
'03-Jan-2014 15:00:00',na,0,201.5768305
'03-Jan-2014 16:00:00',na,0,201.6767182
'03-Jan-2014 17:00:00',na,0,201.4436206
'03-Jan-2014 18:00:00',na,0,201.310361
'03-Jan-2014 19:00:00',na,0,199.1269333
'03-Jan-2014 20:00:00',na,0,190.9866566
'03-Jan-2014 21:00:00',na,0,199.242195
'03-Jan-2014 22:00:00',na,0,199.0723272
'03-Jan-2014 23:00:00',na,0,199.1392928
'04-Jan-2014 00:00:00',na,0,198.9718383
'04-Jan-2014 01:00:00',na,0,198.9718383
'04-Jan-2014 02:00:00',na,0,198.9383251
'04-Jan-2014 03:00:00',na,0,197.5940929
'04-Jan-2014 04:00:00',na,0,195.4744469
'04-Jan-2014 05:00:00',na,0,195.6432212
'04-Jan-2014 06:00:00',na,0,195.6769823
'04-Jan-2014 07:00:00',na,0,195.6094601
'04-Jan-2014 08:00:00',na,0,195.7781925
'04-Jan-2014 09:00:00',na,0,199.0389125
'04-Jan-2014 10:00:00',na,0,199.3160575
'04-Jan-2014 11:00:00',na,0,199.4739487
'04-Jan-2014 12:00:00',na,0,199.6746937
'04-Jan-2014 13:00:00',na,0,199.4405265
'04-Jan-2014 14:00:00',na,0,199.4405366
'04-Jan-2014 15:00:00',na,0,199.473989
'04-Jan-2014 16:00:00',na,0,199.5743565
'04-Jan-2014 17:00:00',na,0,199.5743464
'04-Jan-2014 18:00:00',na,0,201.7591939
'04-Jan-2014 19:00:00',na,0,209.9377307
'04-Jan-2014 20:00:00',na,0,204.4977167
'04-Jan-2014 21:00:00',na,0,215.7043509
'04-Jan-2014 22:00:00',na,0,231.7564433
'04-Jan-2014 23:00:00',na,0,241.2046587
'05-Jan-2014 00:00:00',na,0,246.65516
'05-Jan-2014 01:00:00',na,0,253.6052601
'05-Jan-2014 02:00:00',na,0,253.5441755
'05-Jan-2014 03:00:00',na,0,251.7034831
'05-Jan-2014 04:00:00',na,0,254.4445268
'05-Jan-2014 05:00:00',na,0,259.2069342
'05-Jan-2014 06:00:00',na,1.258341137,258.8324346
'05-Jan-2014 07:00:00',na,7.996554948,260.283554
'05-Jan-2014 08:00:00',na,15.30305187,263.6241429
'05-Jan-2014 09:00:00',na,22.60954877,263.4936681
'05-Jan-2014 10:00:00',na,29.91604569,263.6132108
'05-Jan-2014 11:00:00',na,37.22254259,263.7899387
'05-Jan-2014 12:00:00',na,44.52903951,263.8115472
'05-Jan-2014 13:00:00',na,51.74966327,263.5617446
'05-Jan-2014 14:00:00',na,54.62092842,263.2778878
'05-Jan-2014 15:00:00',na,55.2432456,262.9221664
'05-Jan-2014 16:00:00',na,55.86556278,261.0227127
'05-Jan-2014 17:00:00',na,56.48787996,257.1016103
'05-Jan-2014 18:00:00',na,57.11019714,257.2806663
'05-Jan-2014 19:00:00',na,57.73251432,257.3335569
'05-Jan-2014 20:00:00',na,58.3548315,257.3597333
'05-Jan-2014 21:00:00',na,58.97714868,257.1215088
'05-Jan-2014 22:00:00',na,59.59946586,256.8930678
'05-Jan-2014 23:00:00',na,60.22178304,254.96888
'06-Jan-2014 00:00:00',na,60.84410022,248.4698283
'06-Jan-2014 01:00:00',na,61.4664174,248.5001377
'06-Jan-2014 02:00:00',na,62.08873458,248.5001377
'06-Jan-2014 03:00:00',na,62.71105176,240.0051412
'06-Jan-2014 04:00:00',na,62.72970219,247.5293611
'06-Jan-2014 05:00:00',na,61.74224138,242.0034796
'06-Jan-2014 06:00:00',na,60.75478056,240.7472322
'06-Jan-2014 07:00:00',na,59.76731975,238.6129428
'06-Jan-2014 08:00:00',na,58.77985894,233.6287079
'06-Jan-2014 09:00:00',na,57.79239812,233.9402249
'06-Jan-2014 10:00:00',na,56.8049373,235.6679448
'06-Jan-2014 11:00:00',na,55.81747649,235.654603
'06-Jan-2014 12:00:00',na,54.83001567,235.1845137
'06-Jan-2014 13:00:00',na,53.84255486,235.1533661
'06-Jan-2014 14:00:00',na,52.85509405,229.7891812
'06-Jan-2014 15:00:00',na,51.86763323,225.5198452
'06-Jan-2014 16:00:00',na,50.88017241,230.5961434
'06-Jan-2014 17:00:00',na,49.8927116,231.6650908
'06-Jan-2014 18:00:00',na,48.90525078,238.1107136
'06-Jan-2014 19:00:00',na,47.91778997,235.803043
'06-Jan-2014 20:00:00',na,46.93032915,234.2204223
'06-Jan-2014 21:00:00',na,45.94286834,235.0898857
'06-Jan-2014 22:00:00',na,44.95540752,239.6137812
'06-Jan-2014 23:00:00',na,43.96794671,239.4647383
'07-Jan-2014 00:00:00',na,42.98048589,239.6085283
'07-Jan-2014 01:00:00',na,41.99302508,239.5789102
'07-Jan-2014 02:00:00',na,41.00556426,245.002547
'07-Jan-2014 03:00:00',na,40.01810345,242.8245409
'07-Jan-2014 04:00:00',na,39.03064263,249.7838917
'07-Jan-2014 05:00:00',na,41.11777627,252.1444902
'07-Jan-2014 06:00:00',na,45.58279824,252.3660312
'07-Jan-2014 07:00:00',na,50.04782021,257.7445867
'07-Jan-2014 08:00:00',na,54.51284218,259.5040597
'07-Jan-2014 09:00:00',na,58.97786415,253.5343901
'07-Jan-2014 10:00:00',na,63.44288611,257.7414059
'07-Jan-2014 11:00:00',na,67.90790808,264.0372273
'07-Jan-2014 12:00:00',na,72.37293005,257.1254231
'07-Jan-2014 13:00:00',na,76.83795202,264.3508862
'07-Jan-2014 14:00:00',na,81.30297399,260.1892487
'07-Jan-2014 15:00:00',na,85.76799595,264.0326446
'07-Jan-2014 16:00:00',na,90.23301792,264.9539971
'07-Jan-2014 17:00:00',na,94.69803987,268.8339867
'07-Jan-2014 18:00:00',na,99.16306184,270.7048713
'07-Jan-2014 19:00:00',na,103.6280838,272.6403883
'07-Jan-2014 20:00:00',na,108.0931058,276.5827517
'07-Jan-2014 21:00:00',na,112.8747823,276.8927848
'07-Jan-2014 22:00:00',na,118.9230769,276.4768018
'07-Jan-2014 23:00:00',na,125.0769231,276.3034526
'08-Jan-2014 00:00:00',na,131.2307692,276.5069452
'08-Jan-2014 01:00:00',na,137.3846154,276.7955012
'08-Jan-2014 02:00:00',na,143.5384615,277.3734619
'08-Jan-2014 03:00:00',na,149.6923077,277.9564995
'08-Jan-2014 04:00:00',na,151.7712252,277.6108217
'08-Jan-2014 05:00:00',na,151.4051856,276.7139121
'08-Jan-2014 06:00:00',na,151.0391459,275.9577853
'08-Jan-2014 07:00:00',na,150.6731063,269.411084
'08-Jan-2014 08:00:00',na,150.3070666,271.4907278
'08-Jan-2014 09:00:00',na,149.9410269,272.3789545
'08-Jan-2014 10:00:00',na,149.5749873,271.6342246
'08-Jan-2014 11:00:00',na,149.2089476,271.4020757
'08-Jan-2014 12:00:00',na,148.842908,270.8759009
'08-Jan-2014 13:00:00',na,148.4768683,270.8480116
'08-Jan-2014 14:00:00',na,148.3170372,271.5142728
'08-Jan-2014 15:00:00',na,155.7076102,275.3169778
'08-Jan-2014 16:00:00',na,166.7623498,275.8792213
'08-Jan-2014 17:00:00',na,177.8170895,278.7578659
'08-Jan-2014 18:00:00',na,188.8718291,278.6299316
'08-Jan-2014 19:00:00',na,199.9265688,280.5568609
'08-Jan-2014 20:00:00',na,210.9813084,289.9750507
'08-Jan-2014 21:00:00',na,222.0360481,304.9691218
'08-Jan-2014 22:00:00',na,233.0907877,312.2807976
'08-Jan-2014 23:00:00',na,240.1935484,323.5164357
'09-Jan-2014 00:00:00',na,240.7096774,336.9206459
'09-Jan-2014 01:00:00',na,241.2258065,339.3130729
'09-Jan-2014 02:00:00',na,241.7419355,339.7837292
'09-Jan-2014 03:00:00',na,242.2580645,337.2418547
'09-Jan-2014 04:00:00',na,242.7741935,334.5728327
'09-Jan-2014 05:00:00',na,243.2903226,331.4182759
'09-Jan-2014 06:00:00',na,243.8064516,327.9870545
'09-Jan-2014 07:00:00',na,241.9375,321.5130422
'09-Jan-2014 08:00:00',na,238.6375,313.3062551
'09-Jan-2014 09:00:00',na,235.3375,302.1555701
'09-Jan-2014 10:00:00',na,232.0375,288.7222708
'09-Jan-2014 11:00:00',na,228.7375,280.0662851
'09-Jan-2014 12:00:00',na,225.4375,277.6028809
'09-Jan-2014 13:00:00',na,222.1375,272.9393437
'09-Jan-2014 14:00:00',na,218.8375,274.0811985
'09-Jan-2014 15:00:00',na,215.5375,272.8261073
'09-Jan-2014 16:00:00',na,212.2375,272.5645093
'09-Jan-2014 17:00:00',na,213.8225806,272.7679831
'09-Jan-2014 18:00:00',na,218.3387097,272.9423447
'09-Jan-2014 19:00:00',na,222.8548387,274.5074864
'09-Jan-2014 20:00:00',na,227.3709677,278.0922539
'09-Jan-2014 21:00:00',na,231.8870968,277.9363638
'09-Jan-2014 22:00:00',na,236.4032258,279.3565459
'09-Jan-2014 23:00:00',na,240.9193548,285.4813821
'10-Jan-2014 00:00:00',na,245.6532258,302.4346509
'10-Jan-2014 01:00:00',na,253,315.1978308
'10-Jan-2014 02:00:00',na,261,322.6348082
'10-Jan-2014 03:00:00',na,271.8027523,334.8526855
'10-Jan-2014 04:00:00',na,316.2385322,359.0268763
'10-Jan-2014 05:00:00',na,367.8128113,430.7065964
'10-Jan-2014 06:00:00',na,407.2513543,446.3863299
'10-Jan-2014 07:00:00',na,426.8333333,435.3076732
'10-Jan-2014 08:00:00',na,431.5833333,419.9868125
'10-Jan-2014 09:00:00',na,418,405.9150469
'10-Jan-2014 10:00:00',na,402.8888889,393.8629675
'10-Jan-2014 11:00:00',na,387.7777778,383.922972
'10-Jan-2014 12:00:00',na,372.6666667,377.1994909
'10-Jan-2014 13:00:00',na,357.5555556,370.3559375
'10-Jan-2014 14:00:00',na,342.4444444,360.7737513
'10-Jan-2014 15:00:00',na,330.25,352.7319821
'10-Jan-2014 16:00:00',na,322.9166667,346.6945232
'10-Jan-2014 17:00:00',na,315.5833333,342.870922
'10-Jan-2014 18:00:00',na,308.25,338.8378976
'10-Jan-2014 19:00:00',na,300.9166667,333.7632004
'10-Jan-2014 20:00:00',na,293.5833333,328.6787083
'10-Jan-2014 21:00:00',na,286.25,319.7103032
'10-Jan-2014 22:00:00',na,278.9166667,312.3006857
'10-Jan-2014 23:00:00',na,271.5833333,303.6981015
'11-Jan-2014 00:00:00',na,264.25,294.152984
'11-Jan-2014 01:00:00',na,256.9166667,286.1083337
'11-Jan-2014 02:00:00',na,249.5833333,281.2033165
'11-Jan-2014 03:00:00',na,242.25,279.3506064
'11-Jan-2014 04:00:00',na,235.231383,278.9028641
'11-Jan-2014 05:00:00',na,231.9893617,279.0846065
'11-Jan-2014 06:00:00',na,229.6914894,279.0558014
'11-Jan-2014 07:00:00',na,227.393617,279.2571455
'11-Jan-2014 08:00:00',na,225.0957447,279.3106393
'11-Jan-2014 09:00:00',na,222.7978723,279.172775
'11-Jan-2014 10:00:00',na,220.5,278.8881347
'11-Jan-2014 11:00:00',na,218.2021277,279.0220396
'11-Jan-2014 12:00:00',na,215.9042553,278.8599229
'11-Jan-2014 13:00:00',na,213.606383,278.7723555
'11-Jan-2014 14:00:00',na,211.3085106,278.9353934
'11-Jan-2014 15:00:00',na,209.0106383,279.5983526
'11-Jan-2014 16:00:00',na,208.8793313,283.6593397
'11-Jan-2014 17:00:00',na,217.4142857,302.5261492
'11-Jan-2014 18:00:00',na,226.6714286,323.3176821
'11-Jan-2014 19:00:00',na,235.9285714,333.8888307
'11-Jan-2014 20:00:00',na,245.1857143,348.191281
'11-Jan-2014 21:00:00',na,254.4428571,359.2168671
'11-Jan-2014 22:00:00',na,263.7,372.3692335
'11-Jan-2014 23:00:00',na,272.9571429,377.4212959
'12-Jan-2014 00:00:00',na,282.2142857,376.6011382
'12-Jan-2014 01:00:00',na,286.1949152,375.7605025
'12-Jan-2014 02:00:00',na,281.3813559,371.7546449
'12-Jan-2014 03:00:00',na,276.5677966,366.5877838
'12-Jan-2014 04:00:00',na,271.7542373,362.2967347
'12-Jan-2014 05:00:00',na,266.940678,358.4711008
'12-Jan-2014 06:00:00',na,262.1271186,355.2086065
'12-Jan-2014 07:00:00',na,257.3135593,352.061303
'12-Jan-2014 08:00:00',na,252.5,348.3526328
'12-Jan-2014 09:00:00',na,247.6864407,344.2932021
'12-Jan-2014 10:00:00',na,242.8728813,339.4776086
'12-Jan-2014 11:00:00',na,238.059322,333.4556016
'12-Jan-2014 12:00:00',na,233.2457627,327.2525209
'12-Jan-2014 13:00:00',na,228.4322034,316.5264235
'12-Jan-2014 14:00:00',na,223.6186441,303.4385586
'12-Jan-2014 15:00:00',na,218.8050847,288.235328
'12-Jan-2014 16:00:00',na,214.5,279.2386857
'12-Jan-2014 17:00:00',na,210.5,277.4296668
'12-Jan-2014 18:00:00',na,206.5,273.5812218
'12-Jan-2014 19:00:00',na,202.5,273.610245
'12-Jan-2014 20:00:00',na,198.5,273.552193
'12-Jan-2014 21:00:00',na,194.5,271.3059484
'12-Jan-2014 22:00:00',na,190.5,266.8389769
'12-Jan-2014 23:00:00',na,186.5,268.9850097
'13-Jan-2014 00:00:00',na,182.5,272.0001075
'13-Jan-2014 01:00:00',na,179.0704545,266.6256062
'13-Jan-2014 02:00:00',na,176.5916667,263.9554375
'13-Jan-2014 03:00:00',na,174.1128788,264.0144298
'13-Jan-2014 04:00:00',na,171.6340909,263.6317378
'13-Jan-2014 05:00:00',na,169.155303,263.5718543
'13-Jan-2014 06:00:00',na,166.6765152,254.1090248
'13-Jan-2014 07:00:00',na,164.1977273,254.9204486
'13-Jan-2014 08:00:00',na,161.7189394,257.9262688
'13-Jan-2014 09:00:00',na,159.2401515,257.0718798
'13-Jan-2014 10:00:00',na,156.7613636,256.6238032
'13-Jan-2014 11:00:00',na,154.2825758,249.6921151
'13-Jan-2014 12:00:00',na,151.8037879,252.9397606
'13-Jan-2014 13:00:00',na,149.325,249.1362311
'13-Jan-2014 14:00:00',na,146.8462121,249.2270466
'13-Jan-2014 15:00:00',na,144.3674242,249.3178423
'13-Jan-2014 16:00:00',na,141.8886364,249.196777
'13-Jan-2014 17:00:00',na,139.4098485,248.9242376
'13-Jan-2014 18:00:00',na,136.9310606,244.6673823
'13-Jan-2014 19:00:00',na,134.4522727,243.9350399
'13-Jan-2014 20:00:00',na,131.9734849,243.8739131
'13-Jan-2014 21:00:00',na,129.494697,243.9044731
'13-Jan-2014 22:00:00',na,127.0159091,242.7996797
'13-Jan-2014 23:00:00',na,124.5371212,237.0141987
'14-Jan-2014 00:00:00',na,122.0583333,236.5186639
'14-Jan-2014 01:00:00',na,119.5795455,236.6426132
'14-Jan-2014 02:00:00',na,117.1007576,232.9870351
'14-Jan-2014 03:00:00',na,114.6219697,230.82471
'14-Jan-2014 04:00:00',na,112.1431818,238.4445173
'14-Jan-2014 05:00:00',na,109.6643939,233.0986762
'14-Jan-2014 06:00:00',na,107.1856061,231.5336113
'14-Jan-2014 07:00:00',na,104.7068182,228.8074408
'14-Jan-2014 08:00:00',na,102.2280303,229.0275872
'14-Jan-2014 09:00:00',na,99.74924242,229.2476015
'14-Jan-2014 10:00:00',na,97.73695652,229.3733195
'14-Jan-2014 11:00:00',na,96.50217391,229.1848242
'14-Jan-2014 12:00:00',na,95.2673913,229.0590751
'14-Jan-2014 13:00:00',na,94.03260869,228.8703543
'14-Jan-2014 14:00:00',na,92.79782608,229.121899
'14-Jan-2014 15:00:00',na,91.56304347,228.9646894
'14-Jan-2014 16:00:00',na,90.32826087,228.775988
'14-Jan-2014 17:00:00',na,89.09347826,221.0128809
'14-Jan-2014 18:00:00',na,87.85869565,224.292868
'14-Jan-2014 19:00:00',na,86.62391304,220.8469688
'14-Jan-2014 20:00:00',na,85.38913043,222.1745064
'14-Jan-2014 21:00:00',na,84.15434782,222.2490789
'14-Jan-2014 22:00:00',na,82.91956521,222.1252806
'14-Jan-2014 23:00:00',na,81.6847826,221.9810063
'15-Jan-2014 00:00:00',na,80.45,221.9693427
'15-Jan-2014 01:00:00',na,79.21521739,221.8074789
'15-Jan-2014 02:00:00',na,77.98043478,221.5522489
'15-Jan-2014 03:00:00',na,76.74565217,221.4884208
'15-Jan-2014 04:00:00',na,75.51086956,221.4565026
'15-Jan-2014 05:00:00',na,74.27608695,219.2778436
'15-Jan-2014 06:00:00',na,73.04130434,217.610999
'15-Jan-2014 07:00:00',na,71.80652174,217.5788027
'15-Jan-2014 08:00:00',na,70.57173913,217.4179234
'15-Jan-2014 09:00:00',na,69.33695652,217.610999
'15-Jan-2014 10:00:00',na,68.10217391,217.5788198
'15-Jan-2014 11:00:00',na,66.8673913,217.2569328
'15-Jan-2014 12:00:00',na,65.63260869,217.2569671
'15-Jan-2014 13:00:00',na,64.39782608,217.2247621
'15-Jan-2014 14:00:00',na,63.16304347,217.0315148
'15-Jan-2014 15:00:00',na,61.92826087,217.1925313
'15-Jan-2014 16:00:00',na,60.69347826,209.730189
'15-Jan-2014 17:00:00',na,59.45869565,218.6377505
'15-Jan-2014 18:00:00',na,58.22391304,219.1589822
'15-Jan-2014 19:00:00',na,56.98913043,212.2077971
'15-Jan-2014 20:00:00',na,55.75434782,212.4679735
'15-Jan-2014 21:00:00',na,54.51956521,224.0410739
'15-Jan-2014 22:00:00',na,53.2847826,216.5898379
'15-Jan-2014 23:00:00',na,52.05,214.9979279
'16-Jan-2014 00:00:00',na,50.81521739,215.2566171
'16-Jan-2014 01:00:00',na,49.58043478,219.2864296
'16-Jan-2014 02:00:00',na,48.34565217,219.7776358
'16-Jan-2014 03:00:00',na,47.11086956,219.3772799
'16-Jan-2014 04:00:00',na,45.87608695,219.2810991
'16-Jan-2014 05:00:00',na,44.64130434,214.3609727
'16-Jan-2014 06:00:00',na,43.40652173,211.3872288
'16-Jan-2014 07:00:00',na,42.17173913,216.8972542
'16-Jan-2014 08:00:00',na,40.93695652,216.719523
'16-Jan-2014 09:00:00',na,39.70217391,216.3546236
'16-Jan-2014 10:00:00',na,38.4673913,215.9996693
'16-Jan-2014 11:00:00',na,37.23260869,215.9996606
'16-Jan-2014 12:00:00',na,35.99782608,210.5340686
'16-Jan-2014 13:00:00',na,34.76304348,208.8115018
'16-Jan-2014 14:00:00',na,34.3401769,216.9369397
'16-Jan-2014 15:00:00',na,34.40445995,213.2996577
'16-Jan-2014 16:00:00',na,34.46874299,215.392812
'16-Jan-2014 17:00:00',na,34.53302604,215.2889522
'16-Jan-2014 18:00:00',na,34.59730908,215.4829014
'16-Jan-2014 19:00:00',na,34.66159213,215.5151928
'16-Jan-2014 20:00:00',na,34.72587517,219.268105
'16-Jan-2014 21:00:00',na,34.79015822,223.0067762
'16-Jan-2014 22:00:00',na,34.85444126,222.8271716
'16-Jan-2014 23:00:00',na,34.91872431,224.5962604
'17-Jan-2014 00:00:00',na,34.98300735,233.0414992
'17-Jan-2014 01:00:00',na,35.04729039,226.7587514
'17-Jan-2014 02:00:00',na,35.11157344,227.0113544
'17-Jan-2014 03:00:00',na,35.17585648,231.458172
'17-Jan-2014 04:00:00',na,35.24013953,236.2675182
'17-Jan-2014 05:00:00',na,35.30442257,227.421549
'17-Jan-2014 06:00:00',na,35.36870562,231.6919362
'17-Jan-2014 07:00:00',na,35.43298866,232.543775
'17-Jan-2014 08:00:00',na,35.49727171,232.4019216
'17-Jan-2014 09:00:00',na,35.56155475,232.4583237
'17-Jan-2014 10:00:00',na,35.6258378,232.4651567
'17-Jan-2014 11:00:00',na,35.69012084,232.5309155
'17-Jan-2014 12:00:00',na,35.75440389,232.1466486
'17-Jan-2014 13:00:00',na,35.81868693,232.1383115
'17-Jan-2014 14:00:00',na,35.88296998,231.9437822
'17-Jan-2014 15:00:00',na,35.94725302,231.9120196
'17-Jan-2014 16:00:00',na,36.01153607,231.9745413
'17-Jan-2014 17:00:00',na,36.07581911,232.0057718
'17-Jan-2014 18:00:00',na,36.14010216,231.9119817
'17-Jan-2014 19:00:00',na,36.2043852,231.0034244
'17-Jan-2014 20:00:00',na,36.26866824,221.7755194
'17-Jan-2014 21:00:00',na,36.33295129,228.2792133
'17-Jan-2014 22:00:00',na,36.39723433,228.3030077
'17-Jan-2014 23:00:00',na,36.46151738,228.299155
'18-Jan-2014 00:00:00',na,36.52580042,228.343705
'18-Jan-2014 01:00:00',na,36.59008347,227.8825061
'18-Jan-2014 02:00:00',na,36.65436651,227.9710945
'18-Jan-2014 03:00:00',na,36.71864956,228.0708285
'18-Jan-2014 04:00:00',na,36.7829326,227.9452092
'18-Jan-2014 05:00:00',na,36.84721565,227.898178
'18-Jan-2014 06:00:00',na,36.91149869,227.9259432
'18-Jan-2014 07:00:00',na,36.97578174,227.8314051
'18-Jan-2014 08:00:00',na,37.04006478,227.5792277
'18-Jan-2014 09:00:00',na,37.10434783,227.7368592
'18-Jan-2014 10:00:00',na,37.16863087,227.5161578
'18-Jan-2014 11:00:00',na,37.23291392,225.1627946
'18-Jan-2014 12:00:00',na,37.29719696,219.2638427
'18-Jan-2014 13:00:00',na,37.36148001,229.5076286
'18-Jan-2014 14:00:00',na,37.42576305,220.3480603
'18-Jan-2014 15:00:00',na,37.49004609,224.8418257
'18-Jan-2014 16:00:00',na,37.55432914,221.3926496
'18-Jan-2014 17:00:00',na,37.61861218,221.7117986
'18-Jan-2014 18:00:00',na,37.68289523,221.7437003
'18-Jan-2014 19:00:00',na,37.74717827,222.5389736
'18-Jan-2014 20:00:00',na,37.81146132,225.5878381
'18-Jan-2014 21:00:00',na,37.87574436,230.4887778
'18-Jan-2014 22:00:00',na,37.94002741,230.0013216
'18-Jan-2014 23:00:00',na,38.00431045,230.377765
'19-Jan-2014 00:00:00',na,38.0685935,230.5658715
'19-Jan-2014 01:00:00',na,38.13287654,236.6892483
'19-Jan-2014 02:00:00',na,38.19715959,240.7547535
'19-Jan-2014 03:00:00',na,38.26144263,239.0841121
'19-Jan-2014 04:00:00',na,38.32572568,238.6834589
'19-Jan-2014 05:00:00',na,38.39000872,241.8970983
'19-Jan-2014 06:00:00',na,38.45429177,249.2296787
'19-Jan-2014 07:00:00',na,38.51857481,248.9242773
'19-Jan-2014 08:00:00',na,38.6770316,248.7728297
'19-Jan-2014 09:00:00',na,41.1970761,248.8637116
'19-Jan-2014 10:00:00',na,44.73854351,250.6823137
'19-Jan-2014 11:00:00',na,48.28001092,251.6080263
'19-Jan-2014 12:00:00',na,51.82147834,257.2520147
'19-Jan-2014 13:00:00',na,55.36294575,254.4062091
'19-Jan-2014 14:00:00',na,58.90441316,253.8989374
'19-Jan-2014 15:00:00',na,62.44588058,262.7618887
'19-Jan-2014 16:00:00',na,65.98734799,267.9152068
'19-Jan-2014 17:00:00',na,69.5288154,272.5488232
'19-Jan-2014 18:00:00',na,73.07028282,278.1082966
'19-Jan-2014 19:00:00',na,79.20035148,279.3710977
'19-Jan-2014 20:00:00',na,87.29876976,279.3932417
'19-Jan-2014 21:00:00',na,95.39718805,282.3899901
'19-Jan-2014 22:00:00',na,103.4956063,288.6877786
'19-Jan-2014 23:00:00',na,111.5940246,298.260336
'20-Jan-2014 00:00:00',na,119.6924429,308.0018054
'20-Jan-2014 01:00:00',na,127.7908612,307.6933821
'20-Jan-2014 02:00:00',na,135.8892794,301.9847054
'20-Jan-2014 03:00:00',na,143.3472182,291.669892
'20-Jan-2014 04:00:00',na,143.119403,281.5905454
'20-Jan-2014 05:00:00',na,140.9701493,278.064096
'20-Jan-2014 06:00:00',na,138.8208955,272.040967
'20-Jan-2014 07:00:00',na,136.6716418,272.3318785
'20-Jan-2014 08:00:00',na,134.5223881,272.273704
'20-Jan-2014 09:00:00',na,132.3731343,270.1441155
'20-Jan-2014 10:00:00',na,130.2238806,262.9435013
'20-Jan-2014 11:00:00',na,128.0746269,261.5907823
'20-Jan-2014 12:00:00',na,125.9253731,264.2001912
'20-Jan-2014 13:00:00',na,123.7761194,263.3183382
'20-Jan-2014 14:00:00',na,121.6268657,262.9221604
'20-Jan-2014 15:00:00',na,119.4776119,258.4097658
'20-Jan-2014 16:00:00',na,117.3283582,257.2508267
'20-Jan-2014 17:00:00',na,115.1791045,257.3105058
'20-Jan-2014 18:00:00',na,113.0298507,257.1612956
'20-Jan-2014 19:00:00',na,110.880597,252.2149587
'20-Jan-2014 20:00:00',na,108.8468284,252.1552819
'20-Jan-2014 21:00:00',na,107.275,252.2456391
'20-Jan-2014 22:00:00',na,105.7416667,252.2757452
'20-Jan-2014 23:00:00',na,104.2083333,252.0649766
'21-Jan-2014 00:00:00',na,102.675,246.5002314
'21-Jan-2014 01:00:00',na,101.1416667,248.9029032
'21-Jan-2014 02:00:00',na,99.60833333,246.1474917
'21-Jan-2014 03:00:00',na,98.075,240.839449
'21-Jan-2014 04:00:00',na,96.54166666,241.0135966
'21-Jan-2014 05:00:00',na,95.00833333,241.2182811
'21-Jan-2014 06:00:00',na,93.475,241.0932181
'21-Jan-2014 07:00:00',na,91.94166666,240.6195068
'21-Jan-2014 08:00:00',na,90.40833333,240.5934973
'21-Jan-2014 09:00:00',na,88.875,240.439713
'21-Jan-2014 10:00:00',na,87.34166666,240.2551094
'21-Jan-2014 11:00:00',na,85.80833333,230.3068068
'21-Jan-2014 12:00:00',na,84.275,237.6342804
'21-Jan-2014 13:00:00',na,82.74166666,237.3424371
'21-Jan-2014 14:00:00',na,81.20833333,237.1071332
'21-Jan-2014 15:00:00',na,79.675,234.0002794
'21-Jan-2014 16:00:00',na,78.14166666,233.1298991
'21-Jan-2014 17:00:00',na,76.60833333,232.4423788
'21-Jan-2014 18:00:00',na,75.075,231.0671797
'21-Jan-2014 19:00:00',na,73.54166666,230.9418851
'21-Jan-2014 20:00:00',na,72.00833333,230.9418851
'21-Jan-2014 21:00:00',na,70.475,228.143721
'21-Jan-2014 22:00:00',na,68.94166666,227.3269008
'21-Jan-2014 23:00:00',na,67.40833333,227.421549
'22-Jan-2014 00:00:00',na,65.875,227.5161578
'22-Jan-2014 01:00:00',na,64.34166666,227.1375966
'22-Jan-2014 02:00:00',na,62.80833333,227.0113465
'22-Jan-2014 03:00:00',na,61.275,227.1691591
'22-Jan-2014 04:00:00',na,59.74166666,227.1691591
'22-Jan-2014 05:00:00',na,58.20833333,227.0113465
'22-Jan-2014 06:00:00',na,56.675,224.1220153
'22-Jan-2014 07:00:00',na,55.14166666,220.338003
'22-Jan-2014 08:00:00',na,53.60833333,220.4659753
'22-Jan-2014 09:00:00',na,52.075,221.7508826
'22-Jan-2014 10:00:00',na,50.54166666,224.8942919
'22-Jan-2014 11:00:00',na,49.00833333,224.3531546
'22-Jan-2014 12:00:00',na,47.475,222.5656774
'22-Jan-2014 13:00:00',na,45.94166666,216.6770789
'22-Jan-2014 14:00:00',na,44.40833333,217.1275297
'22-Jan-2014 15:00:00',na,42.875,220.0630844
'22-Jan-2014 16:00:00',na,41.34166666,219.9638708
'22-Jan-2014 17:00:00',na,39.80833333,219.8258624
'22-Jan-2014 18:00:00',na,38.275,219.7938359
'22-Jan-2014 19:00:00',na,36.74166666,219.7297659
'22-Jan-2014 20:00:00',na,35.20833333,219.6977309
'22-Jan-2014 21:00:00',na,33.675,220.0499731
'22-Jan-2014 22:00:00',na,32.14166666,223.1052436
'22-Jan-2014 23:00:00',na,30.78652778,225.9736936
'23-Jan-2014 00:00:00',na,30.14416667,225.5571945
'23-Jan-2014 01:00:00',na,29.5612037,223.1425387
'23-Jan-2014 02:00:00',na,28.97824074,221.520339
'23-Jan-2014 03:00:00',na,28.39527778,221.3926579
'23-Jan-2014 04:00:00',na,27.81231481,221.8074954
'23-Jan-2014 05:00:00',na,27.22935185,221.5522324
'23-Jan-2014 06:00:00',na,26.64638889,221.1689397
'23-Jan-2014 07:00:00',na,26.06342593,216.9348911
'23-Jan-2014 08:00:00',na,25.48046296,216.9348739
'23-Jan-2014 09:00:00',na,24.8975,216.9026603
'23-Jan-2014 10:00:00',na,24.31453704,216.77378
'23-Jan-2014 11:00:00',na,23.73157407,216.999327
'23-Jan-2014 12:00:00',na,23.14861111,216.9671048
'23-Jan-2014 13:00:00',na,22.56564815,217.1281642
'23-Jan-2014 14:00:00',na,21.98268518,206.642468
'23-Jan-2014 15:00:00',na,21.39972222,217.9749618
'23-Jan-2014 16:00:00',na,20.81675926,217.6624004
'23-Jan-2014 17:00:00',na,20.2337963,213.0168968
'23-Jan-2014 18:00:00',na,19.65083333,211.7845942
'23-Jan-2014 19:00:00',na,19.06787037,211.9148755
'23-Jan-2014 20:00:00',na,18.48490741,211.9148755
'23-Jan-2014 21:00:00',na,17.90194444,212.1427014
'23-Jan-2014 22:00:00',na,17.31898148,212.4355331
'23-Jan-2014 23:00:00',na,16.73601852,212.2728658
'24-Jan-2014 00:00:00',na,16.15305556,212.012537
'24-Jan-2014 01:00:00',na,15.57009259,211.9148665
'24-Jan-2014 02:00:00',na,14.98712963,212.0450848
'24-Jan-2014 03:00:00',na,14.40416667,211.9148575
'24-Jan-2014 04:00:00',na,13.8212037,209.0833078
'24-Jan-2014 05:00:00',na,13.23824074,202.4387218
'24-Jan-2014 06:00:00',na,12.65527778,206.7489932
'24-Jan-2014 07:00:00',na,12.07231481,214.4622136
'24-Jan-2014 08:00:00',na,11.48935185,209.4347157
'24-Jan-2014 09:00:00',na,10.90638889,203.4353729
'24-Jan-2014 10:00:00',na,10.32342593,210.8059727
'24-Jan-2014 11:00:00',na,9.740462962,210.5196516
'24-Jan-2014 12:00:00',na,9.157499999,210.2187452
'24-Jan-2014 13:00:00',na,8.574537036,207.8248638
'24-Jan-2014 14:00:00',na,7.991574074,206.6761478
'24-Jan-2014 15:00:00',na,7.408611111,206.8078496
'24-Jan-2014 16:00:00',na,3.594999991,206.8078496
'24-Jan-2014 17:00:00',na,0,206.8736723
'24-Jan-2014 18:00:00',na,0,206.9395043
'24-Jan-2014 19:00:00',na,0,206.6761383
'24-Jan-2014 20:00:00',na,0,204.0974518
'24-Jan-2014 21:00:00',na,0,202.9400537
'24-Jan-2014 22:00:00',na,0,203.5040741
'24-Jan-2014 23:00:00',na,0,203.5041033
'25-Jan-2014 00:00:00',na,0,203.5041033
'25-Jan-2014 01:00:00',na,0,203.470948
'25-Jan-2014 02:00:00',na,0,203.4377829
'25-Jan-2014 03:00:00',na,0,203.1059863
'25-Jan-2014 04:00:00',na,0,203.4045692
'25-Jan-2014 05:00:00',na,0,203.4377538
'25-Jan-2014 06:00:00',na,0,203.4377829
'25-Jan-2014 07:00:00',na,0,203.0728505
'25-Jan-2014 08:00:00',na,0,202.9732676
'25-Jan-2014 09:00:00',na,0,192.6408528
'25-Jan-2014 10:00:00',na,0,201.4805752
'25-Jan-2014 11:00:00',na,0,201.2103842
'25-Jan-2014 12:00:00',na,0,198.6324882
'25-Jan-2014 13:00:00',na,0,196.6545818
'25-Jan-2014 14:00:00',na,0,196.7555836
'25-Jan-2014 15:00:00',na,0,196.6882491
'25-Jan-2014 16:00:00',na,0,196.721906
'25-Jan-2014 17:00:00',na,0,196.4524847
'25-Jan-2014 18:00:00',na,0,196.6882387
'25-Jan-2014 19:00:00',na,0,196.6208938
'25-Jan-2014 20:00:00',na,0,196.6882387
'25-Jan-2014 21:00:00',na,0,196.5872265
'25-Jan-2014 22:00:00',na,0,196.5535488
'25-Jan-2014 23:00:00',na,0,196.6545714
'26-Jan-2014 00:00:00',na,0,196.1828659
'26-Jan-2014 01:00:00',na,0,196.2165956
'26-Jan-2014 02:00:00',na,0,196.1829076
'26-Jan-2014 03:00:00',na,0,193.5093444
'26-Jan-2014 04:00:00',na,0,192.6969056
'26-Jan-2014 05:00:00',na,0,192.730901
'26-Jan-2014 06:00:00',na,0,192.6289473
'26-Jan-2014 07:00:00',na,0,192.3228918
'26-Jan-2014 08:00:00',na,0,192.5609458
'26-Jan-2014 09:00:00',na,0,192.9346729
'26-Jan-2014 10:00:00',na,0,193.1053106
'26-Jan-2014 11:00:00',na,0,193.111206
'26-Jan-2014 12:00:00',na,0,192.9547496
'26-Jan-2014 13:00:00',na,0,192.7471094
'26-Jan-2014 14:00:00',na,0,192.4595354
'26-Jan-2014 15:00:00',na,0,192.4249643
'26-Jan-2014 16:00:00',na,0,192.4929659
'26-Jan-2014 17:00:00',na,0,192.5609566
'26-Jan-2014 18:00:00',na,0,192.2549227
'26-Jan-2014 19:00:00',na,0,192.1868562
'26-Jan-2014 20:00:00',na,0,192.3569628
'26-Jan-2014 21:00:00',na,0,192.0167061
'26-Jan-2014 22:00:00',na,0,191.744364
'26-Jan-2014 23:00:00',na,0,186.7786836
'27-Jan-2014 00:00:00',na,0,183.4080495
'27-Jan-2014 01:00:00',na,0,189.2907747
'27-Jan-2014 02:00:00',na,0,189.2520207
'27-Jan-2014 03:00:00',na,0,189.2850965
'27-Jan-2014 04:00:00',na,0,189.353592
'27-Jan-2014 05:00:00',na,0,189.0452285
'27-Jan-2014 06:00:00',na,0,189.2508376
'27-Jan-2014 07:00:00',na,0,189.2508376
'27-Jan-2014 08:00:00',na,0,189.0794539
'27-Jan-2014 09:00:00',na,0,188.9081148
'27-Jan-2014 10:00:00',na,0,188.8738224
'27-Jan-2014 11:00:00',na,0,188.7709339
'27-Jan-2014 12:00:00',na,0,186.8089661
'27-Jan-2014 13:00:00',na,0,185.7417166
'27-Jan-2014 14:00:00',na,0,185.948985
'27-Jan-2014 15:00:00',na,0,185.9835162
'27-Jan-2014 16:00:00',na,0,185.9835162
'27-Jan-2014 17:00:00',na,0,186.0180359
'27-Jan-2014 18:00:00',na,0,185.9144537
'27-Jan-2014 19:00:00',na,0,185.4652586
'27-Jan-2014 20:00:00',na,0,184.8391667
'27-Jan-2014 21:00:00',na,0,180.666286
'27-Jan-2014 22:00:00',na,0,180.9110863
'27-Jan-2014 23:00:00',na,0,181.0509045
'28-Jan-2014 00:00:00',na,0,181.1557529
'28-Jan-2014 01:00:00',na,0,181.295486
'28-Jan-2014 02:00:00',na,0,180.5963962
'28-Jan-2014 03:00:00',na,0,180.7363856
'28-Jan-2014 04:00:00',na,0,180.841159
'28-Jan-2014 05:00:00',na,0,180.9810136
'28-Jan-2014 06:00:00',na,0,180.9110863
'28-Jan-2014 07:00:00',na,0,180.9460561
'28-Jan-2014 08:00:00',na,0,180.4562969
'28-Jan-2014 09:00:00',na,0,180.3162594
'28-Jan-2014 10:00:00',na,0,168.7324417
'28-Jan-2014 11:00:00',na,0,171.9241886
'28-Jan-2014 12:00:00',na,0,173.7786976
'28-Jan-2014 13:00:00',na,0,178.0437425
'28-Jan-2014 14:00:00',na,0,180.1983076
'28-Jan-2014 15:00:00',na,0,172.3556126
'28-Jan-2014 16:00:00',na,0,172.3944973
'28-Jan-2014 17:00:00',na,0,172.6089147
'28-Jan-2014 18:00:00',na,0,172.8230926
'28-Jan-2014 19:00:00',na,0,172.7517044
'28-Jan-2014 20:00:00',na,0,172.8230926
'28-Jan-2014 21:00:00',na,0,172.5732074
'28-Jan-2014 22:00:00',na,0,165.0458989
'28-Jan-2014 23:00:00',na,0,164.1505429
'29-Jan-2014 00:00:00',na,0,169.4243289
'29-Jan-2014 01:00:00',na,0,170.173535
'29-Jan-2014 02:00:00',na,0,170.2449334
'29-Jan-2014 03:00:00',na,0,170.2449198
'29-Jan-2014 04:00:00',na,0,170.2808562
'29-Jan-2014 05:00:00',na,0,170.1011467
'29-Jan-2014 06:00:00',na,0,169.9933237
'29-Jan-2014 07:00:00',na,0,164.9240072
'29-Jan-2014 08:00:00',na,0,158.4339063
'29-Jan-2014 09:00:00',na,0,167.4723845
'29-Jan-2014 10:00:00',na,0,168.1190967
'29-Jan-2014 11:00:00',na,0,168.0106793
'29-Jan-2014 12:00:00',na,0,167.7214029
'29-Jan-2014 13:00:00',na,0,161.7727978
'29-Jan-2014 14:00:00',na,0,161.2994533
'29-Jan-2014 15:00:00',na,0,161.4098917
'29-Jan-2014 16:00:00',na,0,161.1889998
'29-Jan-2014 17:00:00',na,0,161.4466894
'29-Jan-2014 18:00:00',na,0,161.1153439
'29-Jan-2014 19:00:00',na,0,161.0416729
'29-Jan-2014 20:00:00',na,0,161.1927573
'29-Jan-2014 21:00:00',na,0,161.2464236
'29-Jan-2014 22:00:00',na,0,161.3034744
'29-Jan-2014 23:00:00',na,0,161.5610884
'30-Jan-2014 00:00:00',na,0,161.618894
'30-Jan-2014 01:00:00',na,0,161.0153407
'30-Jan-2014 02:00:00',na,0,161.5958983
'30-Jan-2014 03:00:00',na,0,161.6675179
'30-Jan-2014 04:00:00',na,0,161.2994685
'30-Jan-2014 05:00:00',na,0,161.5202697
'30-Jan-2014 06:00:00',na,0,161.4466894
'30-Jan-2014 07:00:00',na,0,160.8943006
'30-Jan-2014 08:00:00',na,0,160.820584
'30-Jan-2014 09:00:00',na,0,160.6730901
'30-Jan-2014 10:00:00',na,0,160.3041418
'30-Jan-2014 11:00:00',na,0,160.414869
'30-Jan-2014 12:00:00',na,0,155.9872958
'30-Jan-2014 13:00:00',na,0,154.6102805
'30-Jan-2014 14:00:00',na,0,154.6853225
'30-Jan-2014 15:00:00',na,0,154.6853061
'30-Jan-2014 16:00:00',na,0,154.7978201
'30-Jan-2014 17:00:00',na,0,154.9103177
'30-Jan-2014 18:00:00',na,0,154.8352594
'30-Jan-2014 19:00:00',na,0,154.6477851
'30-Jan-2014 20:00:00',na,0,154.8353247
'30-Jan-2014 21:00:00',na,0,154.6852734
'30-Jan-2014 22:00:00',na,0,154.7603318
'30-Jan-2014 23:00:00',na,0,154.5727595
'31-Jan-2014 00:00:00',na,0,154.6853061
'31-Jan-2014 01:00:00',na,0,143.5595555
'31-Jan-2014 02:00:00',na,0,147.1764939
'31-Jan-2014 03:00:00',na,0,150.5728825
'31-Jan-2014 04:00:00',na,0,150.8752802
'31-Jan-2014 05:00:00',na,0,150.7994337
'31-Jan-2014 06:00:00',na,0,150.7234842
'31-Jan-2014 07:00:00',na,0,150.685561
'31-Jan-2014 08:00:00',na,0,150.533679
'31-Jan-2014 09:00:00',na,0,146.5560605
'31-Jan-2014 10:00:00',na,0,145.7139765
'31-Jan-2014 11:00:00',na,0,145.636815
'31-Jan-2014 12:00:00',na,0,145.1354295
'31-Jan-2014 13:00:00',na,0,145.829517
'31-Jan-2014 14:00:00',na,0,145.8295354
'31-Jan-2014 15:00:00',na,0,145.4826572
'31-Jan-2014 16:00:00',na,0,145.328389
'31-Jan-2014 17:00:00',na,0,145.5983077
'31-Jan-2014 18:00:00',na,0,145.6754325
'31-Jan-2014 19:00:00',na,0,145.6368518
'31-Jan-2014 20:00:00',na,0,145.2125543
'31-Jan-2014 21:00:00',na,0,153.1517399
'31-Jan-2014 22:00:00',na,0,157.7858376
'31-Jan-2014 23:00:00',na,0,166.5772542
'01-Feb-2014 00:00:00',na,0,153.5156981
'01-Feb-2014 01:00:00',na,0,162.3299301
'01-Feb-2014 02:00:00',na,0,162.1451681
'01-Feb-2014 03:00:00',na,0,161.9614804
'01-Feb-2014 04:00:00',na,0,158.89363
'01-Feb-2014 05:00:00',na,0,157.7105612
'01-Feb-2014 06:00:00',na,0,158.1565418
'01-Feb-2014 07:00:00',na,0,158.2307985
'01-Feb-2014 08:00:00',na,0,158.3421445
'01-Feb-2014 09:00:00',na,0,159.5640314
'01-Feb-2014 10:00:00',na,0,160.6938854
'01-Feb-2014 11:00:00',na,0,160.6391068
'01-Feb-2014 12:00:00',na,0,160.4518317
'01-Feb-2014 13:00:00',na,0,160.0455688
'01-Feb-2014 14:00:00',na,0,160.1564493
'01-Feb-2014 15:00:00',na,0,160.3041418
'01-Feb-2014 16:00:00',na,0,160.5624392
'01-Feb-2014 17:00:00',na,0,169.205403
'01-Feb-2014 18:00:00',na,0,169.4009194
'01-Feb-2014 19:00:00',na,0,183.7325188
'01-Feb-2014 20:00:00',na,0,184.2380832
'01-Feb-2014 21:00:00',na,0,184.4267797
'01-Feb-2014 22:00:00',na,0,191.1083763
'01-Feb-2014 23:00:00',na,0,195.146872
'02-Feb-2014 00:00:00',na,0,194.9338902
'02-Feb-2014 01:00:00',na,0,195.0690925
'02-Feb-2014 02:00:00',na,0,195.1366779
'02-Feb-2014 03:00:00',na,0,204.9734414
'02-Feb-2014 04:00:00',na,0,200.3082132
'02-Feb-2014 05:00:00',na,0,190.9261491
'02-Feb-2014 06:00:00',na,0,192.9638528
'02-Feb-2014 07:00:00',na,0,196.3345645
'02-Feb-2014 08:00:00',na,0,204.0830779
'02-Feb-2014 09:00:00',na,0,195.4034587
'02-Feb-2014 10:00:00',na,0,195.5419692
'02-Feb-2014 11:00:00',na,0,195.4744469
'02-Feb-2014 12:00:00',na,0,195.4668643
'02-Feb-2014 13:00:00',na,0,195.371562
'02-Feb-2014 14:00:00',na,0,195.1912579
'02-Feb-2014 15:00:00',na,0,195.3201465
'02-Feb-2014 16:00:00',na,0,195.5757199
'02-Feb-2014 17:00:00',na,0,195.2380138
'02-Feb-2014 18:00:00',na,0,187.3734107
'02-Feb-2014 19:00:00',na,0,188.5047181
'02-Feb-2014 20:00:00',na,0,191.8445972
'02-Feb-2014 21:00:00',na,0,191.5399578
'02-Feb-2014 22:00:00',na,0,191.8124414
'02-Feb-2014 23:00:00',na,0,191.7784136
'03-Feb-2014 00:00:00',na,0,191.1304883
'03-Feb-2014 01:00:00',na,0,186.5011162
'03-Feb-2014 02:00:00',na,0,186.5011162
'03-Feb-2014 03:00:00',na,0,186.466631
'03-Feb-2014 04:00:00',na,0,186.3975802
'03-Feb-2014 05:00:00',na,0,186.0180359
'03-Feb-2014 06:00:00',na,0,185.8453682
'03-Feb-2014 07:00:00',na,0,177.468653
'03-Feb-2014 08:00:00',na,0,177.7154267
'03-Feb-2014 09:00:00',na,0,184.6490212
'03-Feb-2014 10:00:00',na,0,184.604417
'03-Feb-2014 11:00:00',na,0,184.392144
'03-Feb-2014 12:00:00',na,0,180.3455429
'03-Feb-2014 13:00:00',na,0,179.4400213
'03-Feb-2014 14:00:00',na,0,179.5102307
'03-Feb-2014 15:00:00',na,0,179.3698613
'03-Feb-2014 16:00:00',na,0,179.2294672
'03-Feb-2014 17:00:00',na,0,179.5101813
'03-Feb-2014 18:00:00',na,0,188.8774596
'03-Feb-2014 19:00:00',na,0,199.4995577
'03-Feb-2014 20:00:00',na,0,211.2507989
'03-Feb-2014 21:00:00',na,0,209.2362783
'03-Feb-2014 22:00:00',na,0,220.7750567
'03-Feb-2014 23:00:00',na,0,220.5299447
'04-Feb-2014 00:00:00',na,0,220.6578419
'04-Feb-2014 01:00:00',na,0,221.964371
'04-Feb-2014 02:00:00',na,0,227.4740823
'04-Feb-2014 03:00:00',na,0,227.1484644
'04-Feb-2014 04:00:00',na,0,227.4883612
'04-Feb-2014 05:00:00',na,0,227.6649481
'04-Feb-2014 06:00:00',na,0,231.696665
'04-Feb-2014 07:00:00',na,0,231.670379
'04-Feb-2014 08:00:00',na,0,231.2237348
'04-Feb-2014 09:00:00',na,0,231.1924283
'04-Feb-2014 10:00:00',na,0,231.0045133
'04-Feb-2014 11:00:00',na,0,230.9105711
'04-Feb-2014 12:00:00',na,0,227.6698468
'04-Feb-2014 13:00:00',na,0,226.189953
'04-Feb-2014 14:00:00',na,0,225.9369373
'04-Feb-2014 15:00:00',na,0,225.9369453
'04-Feb-2014 16:00:00',na,0,225.5569543
'04-Feb-2014 17:00:00',na,0,220.2740168
'04-Feb-2014 18:00:00',na,0,219.633644
'04-Feb-2014 19:00:00',na,0,219.7938359
'04-Feb-2014 20:00:00',na,0,221.5168637
'04-Feb-2014 21:00:00',na,0,228.8202513
'04-Feb-2014 22:00:00',na,0,233.023848
'04-Feb-2014 23:00:00',na,0,232.5057026
'05-Feb-2014 00:00:00',na,0,232.4432415
'05-Feb-2014 01:00:00',na,0,232.130815
'05-Feb-2014 02:00:00',na,0,232.3182891
'05-Feb-2014 03:00:00',na,0,232.505695
'05-Feb-2014 04:00:00',na,5.188961089,232.5993791
'05-Feb-2014 05:00:00',na,0,232.474472
'05-Feb-2014 06:00:00',na,0.243400023,232.3807728
'05-Feb-2014 07:00:00',na,1.509648396,232.2558129
'05-Feb-2014 08:00:00',na,2.873446194,232.037025
'05-Feb-2014 09:00:00',na,4.237243993,229.9041492
'05-Feb-2014 10:00:00',na,5.601041792,228.3983674
'05-Feb-2014 11:00:00',na,6.96483959,226.8218844
'05-Feb-2014 12:00:00',na,8.328637386,226.6639926
'05-Feb-2014 13:00:00',na,9.692435184,226.821916
'05-Feb-2014 14:00:00',na,11.05623298,226.7271414
'05-Feb-2014 15:00:00',na,12.42003078,226.253181
'05-Feb-2014 16:00:00',na,13.78382858,223.1399984
'05-Feb-2014 17:00:00',na,15.14762638,221.2010574
'05-Feb-2014 18:00:00',na,15.43859649,221.201074
'05-Feb-2014 19:00:00',na,13.94152047,217.3703317
'05-Feb-2014 20:00:00',na,12.44444445,216.004143
'05-Feb-2014 21:00:00',na,10.94736842,224.519931
'05-Feb-2014 22:00:00',na,9.450292399,219.2739816
'05-Feb-2014 23:00:00',na,7.953216376,217.5466405
'06-Feb-2014 00:00:00',na,6.456140352,217.5788027
'06-Feb-2014 01:00:00',na,4.959064329,217.836117
'06-Feb-2014 02:00:00',na,3.461988306,217.9326206
'06-Feb-2014 03:00:00',na,1.964912282,218.0290643
'06-Feb-2014 04:00:00',na,0.491228071,218.0291298
'06-Feb-2014 05:00:00',na,0,217.9647742
'06-Feb-2014 06:00:00',na,0,217.7396476
'06-Feb-2014 07:00:00',na,0,217.7075026
'06-Feb-2014 08:00:00',na,0,217.7718269
'06-Feb-2014 09:00:00',na,0,217.6431697
'06-Feb-2014 10:00:00',na,0,217.4501113
'06-Feb-2014 11:00:00',na,0,210.8564177
'06-Feb-2014 12:00:00',na,0,210.2468099
'06-Feb-2014 13:00:00',na,0,213.6998421
'06-Feb-2014 14:00:00',na,0,213.5223177
'06-Feb-2014 15:00:00',na,0,213.5075801
'06-Feb-2014 16:00:00',na,0,213.2479124
'06-Feb-2014 17:00:00',na,0,213.4102225
'06-Feb-2014 18:00:00',na,0,212.6624084
'06-Feb-2014 19:00:00',na,0,210.2187086
'06-Feb-2014 20:00:00',na,0,210.218736
'06-Feb-2014 21:00:00',na,0,217.0979421
'06-Feb-2014 22:00:00',na,0,217.3482073
'06-Feb-2014 23:00:00',na,0,217.0315406
'07-Feb-2014 00:00:00',na,0,216.9348911
'07-Feb-2014 01:00:00',na,0,217.2247707
'07-Feb-2014 02:00:00',na,0,217.4822905
'07-Feb-2014 03:00:00',na,0,217.1603692
'07-Feb-2014 04:00:00',na,0,217.4179063
'07-Feb-2014 05:00:00',na,0,217.2891549
'07-Feb-2014 06:00:00',na,0,217.3213513
'07-Feb-2014 07:00:00',na,0,217.1925742
'07-Feb-2014 08:00:00',na,0,217.2247707
'07-Feb-2014 09:00:00',na,0,217.4822734
'07-Feb-2014 10:00:00',na,0,225.4602609
'07-Feb-2014 11:00:00',na,0,229.1597288
'07-Feb-2014 12:00:00',na,0,226.189945
'07-Feb-2014 13:00:00',na,0,228.6644904
'07-Feb-2014 14:00:00',na,0,239.5625341
'07-Feb-2014 15:00:00',na,0,238.9804021
'07-Feb-2014 16:00:00',na,0,242.4353393
'07-Feb-2014 17:00:00',na,1.181921262,249.9114503
'07-Feb-2014 18:00:00',na,5.0112371,255.6765065
'07-Feb-2014 19:00:00',na,8.937342338,252.8543065
'07-Feb-2014 20:00:00',na,12.86344757,252.9688762
'07-Feb-2014 21:00:00',na,16.78955281,253.3830836
'07-Feb-2014 22:00:00',na,20.71565805,255.0949922
'07-Feb-2014 23:00:00',na,24.64176328,256.7356181
'08-Feb-2014 00:00:00',na,28.56786852,257.2651155
'08-Feb-2014 01:00:00',na,32.49397375,256.3327109
'08-Feb-2014 02:00:00',na,36.42007899,254.7005435
'08-Feb-2014 03:00:00',na,40.34618423,253.4556485
'08-Feb-2014 04:00:00',na,42.45108696,252.8687532
'08-Feb-2014 05:00:00',na,41.52065217,252.064217
'08-Feb-2014 06:00:00',na,40.59021739,246.4049057
'08-Feb-2014 07:00:00',na,39.65978261,246.7394761
'08-Feb-2014 08:00:00',na,38.72934783,246.7410913
'08-Feb-2014 09:00:00',na,37.79891304,246.7395433
'08-Feb-2014 10:00:00',na,36.86847826,246.4657594
'08-Feb-2014 11:00:00',na,35.93804348,236.8895888
'08-Feb-2014 12:00:00',na,35.0076087,236.3118822
'08-Feb-2014 13:00:00',na,34.07717391,237.1070538
'08-Feb-2014 14:00:00',na,33.14673913,237.7169342
'08-Feb-2014 15:00:00',na,32.21630435,236.705128
'08-Feb-2014 16:00:00',na,31.28586957,236.3322207
'08-Feb-2014 17:00:00',na,30.35543478,236.2401124
'08-Feb-2014 18:00:00',na,29.425,236.0226032
'08-Feb-2014 19:00:00',na,28.49456522,235.8364485
'08-Feb-2014 20:00:00',na,27.56413044,235.8674779
'08-Feb-2014 21:00:00',na,26.63369565,236.0536106
'08-Feb-2014 22:00:00',na,25.70326087,236.3326997
'08-Feb-2014 23:00:00',na,24.77282609,236.2396846
'09-Feb-2014 00:00:00',na,23.84239131,236.3016922
'09-Feb-2014 01:00:00',na,22.91195652,236.3016995
'09-Feb-2014 02:00:00',na,21.98152174,228.8993081
'09-Feb-2014 03:00:00',na,21.05108696,228.9653364
'09-Feb-2014 04:00:00',na,20.12065217,234.842414
'09-Feb-2014 05:00:00',na,19.19021739,233.8193151
'09-Feb-2014 06:00:00',na,18.25978261,232.3604839
'09-Feb-2014 07:00:00',na,17.32934783,232.1758026
'09-Feb-2014 08:00:00',na,16.39891304,231.7243333
'09-Feb-2014 09:00:00',na,15.46847826,231.0665364
'09-Feb-2014 10:00:00',na,14.53804348,219.6622602
'09-Feb-2014 11:00:00',na,13.6076087,226.0648256
'09-Feb-2014 12:00:00',na,12.67717391,226.9365551
'09-Feb-2014 13:00:00',na,11.74673913,226.0454055
'09-Feb-2014 14:00:00',na,10.81630435,225.6141852
'09-Feb-2014 15:00:00',na,9.885869566,224.6813701
'09-Feb-2014 16:00:00',na,8.955434783,224.2063346
'09-Feb-2014 17:00:00',na,8.025,224.1966962
'09-Feb-2014 18:00:00',na,7.094565218,224.0422846
'09-Feb-2014 19:00:00',na,6.164130435,223.8765071
'09-Feb-2014 20:00:00',na,5.233695653,223.7494325
'09-Feb-2014 21:00:00',na,4.30326087,223.4951534
'09-Feb-2014 22:00:00',na,3.372826088,220.9449291
'09-Feb-2014 23:00:00',na,2.442391305,217.6431269
'10-Feb-2014 00:00:00',na,1.511956522,217.7396562
'10-Feb-2014 01:00:00',na,0.58152174,217.7718354
'10-Feb-2014 02:00:00',na,0,217.7642348
'10-Feb-2014 03:00:00',na,0,218.0088004
'10-Feb-2014 04:00:00',na,0,217.7889776
'10-Feb-2014 05:00:00',na,0,217.4668177
'10-Feb-2014 06:00:00',na,0,217.6945578
'10-Feb-2014 07:00:00',na,0,217.6618327
'10-Feb-2014 08:00:00',na,0,217.484739
'10-Feb-2014 09:00:00',na,0,217.4501027
'10-Feb-2014 10:00:00',na,0,217.2891635
'10-Feb-2014 11:00:00',na,0,217.063737
'10-Feb-2014 12:00:00',na,0,212.4580193
'10-Feb-2014 13:00:00',na,0,209.989949
'10-Feb-2014 14:00:00',na,0,210.2514016
'10-Feb-2014 15:00:00',na,0,210.5848727
'10-Feb-2014 16:00:00',na,0,211.3132513
'10-Feb-2014 17:00:00',na,0,211.6296172
'10-Feb-2014 18:00:00',na,0,211.6847031
'10-Feb-2014 19:00:00',na,0,211.1938403
'10-Feb-2014 20:00:00',na,0,211.0748024
'10-Feb-2014 21:00:00',na,0,210.7774838
'10-Feb-2014 22:00:00',na,0,210.7811786
'10-Feb-2014 23:00:00',na,0,210.6759814
'11-Feb-2014 00:00:00',na,0,210.414757
'11-Feb-2014 01:00:00',na,0,210.1533775
'11-Feb-2014 02:00:00',na,0,207.9534153
'11-Feb-2014 03:00:00',na,0,205.6542558
'11-Feb-2014 04:00:00',na,0,205.6872286
'11-Feb-2014 05:00:00',na,0,205.6872476
'11-Feb-2014 06:00:00',na,0,205.8192339
'11-Feb-2014 07:00:00',na,0,205.7532503
'11-Feb-2014 08:00:00',na,0,205.423151
'11-Feb-2014 09:00:00',na,0,205.3901592
'11-Feb-2014 10:00:00',na,0,205.4892205
'11-Feb-2014 11:00:00',na,0,205.3901688
'11-Feb-2014 12:00:00',na,0,203.0369958
'11-Feb-2014 13:00:00',na,0,202.0760614
'11-Feb-2014 14:00:00',na,0,202.1425775
'11-Feb-2014 15:00:00',na,0,201.7765861
'11-Feb-2014 16:00:00',na,0,201.8763947
'11-Feb-2014 17:00:00',na,0,202.1425775
'11-Feb-2014 18:00:00',na,0,202.1758405
'11-Feb-2014 19:00:00',na,0,202.1425775
'11-Feb-2014 20:00:00',na,0,202.0760614
'11-Feb-2014 21:00:00',na,0,202.0427787
'11-Feb-2014 22:00:00',na,0,202.1118626
'11-Feb-2014 23:00:00',na,0,202.4257882
'12-Feb-2014 00:00:00',na,0,202.8773439
'12-Feb-2014 01:00:00',na,0,202.9378432
'12-Feb-2014 02:00:00',na,0,202.8913202
'12-Feb-2014 03:00:00',na,0,202.9214718
'12-Feb-2014 04:00:00',na,0,202.8140379
'12-Feb-2014 05:00:00',na,0,202.5604047
'12-Feb-2014 06:00:00',na,0,202.5467622
'12-Feb-2014 07:00:00',na,0,202.4525881
'12-Feb-2014 08:00:00',na,0,202.410195
'12-Feb-2014 09:00:00',na,0,202.4750836
'12-Feb-2014 10:00:00',na,0,202.1495584
'12-Feb-2014 11:00:00',na,0,201.8431416
'12-Feb-2014 12:00:00',na,0,196.2816758
'12-Feb-2014 13:00:00',na,0,193.6914489
'12-Feb-2014 14:00:00',na,0,198.4618677
'12-Feb-2014 15:00:00',na,0,196.9205041
'12-Feb-2014 16:00:00',na,0,193.8846354
'12-Feb-2014 17:00:00',na,0,194.020145
'12-Feb-2014 18:00:00',na,0,184.7500777
'12-Feb-2014 19:00:00',na,0,187.9646661
'12-Feb-2014 20:00:00',na,0,191.5657391
'12-Feb-2014 21:00:00',na,0,191.1649766
'12-Feb-2014 22:00:00',na,0,191.0626533
'12-Feb-2014 23:00:00',na,0,182.9497632
'13-Feb-2014 00:00:00',na,0,180.9809772
'13-Feb-2014 01:00:00',na,0,182.811369
'13-Feb-2014 02:00:00',na,0,184.1405927
'13-Feb-2014 03:00:00',na,0,183.8381614
'13-Feb-2014 04:00:00',na,0,183.7494306
'13-Feb-2014 05:00:00',na,0,183.6001738
'13-Feb-2014 06:00:00',na,0,183.4899234
'13-Feb-2014 07:00:00',na,0,183.3856629
'13-Feb-2014 08:00:00',na,0,183.0728458
'13-Feb-2014 09:00:00',na,0,176.0981148
'13-Feb-2014 10:00:00',na,0,171.9298616
'13-Feb-2014 11:00:00',na,0,176.0213245
'13-Feb-2014 12:00:00',na,0,177.9643427
'13-Feb-2014 13:00:00',na,0,177.5299908
'13-Feb-2014 14:00:00',na,0,177.2233011
'13-Feb-2014 15:00:00',na,0,177.082083
'13-Feb-2014 16:00:00',na,0,176.9761805
'13-Feb-2014 17:00:00',na,0,176.728931
'13-Feb-2014 18:00:00',na,0,176.552228
'13-Feb-2014 19:00:00',na,0,170.4425835
'13-Feb-2014 20:00:00',na,0,167.39573
'13-Feb-2014 21:00:00',na,0,170.5358136
'13-Feb-2014 22:00:00',na,0,172.1205793
'13-Feb-2014 23:00:00',na,0,172.1224131
'14-Feb-2014 00:00:00',na,0,171.738602
'14-Feb-2014 01:00:00',na,0,171.7348309
'14-Feb-2014 02:00:00',na,0,171.6211646
'14-Feb-2014 03:00:00',na,0,171.3164509
'14-Feb-2014 04:00:00',na,0,171.2603869
'14-Feb-2014 05:00:00',na,0,171.1909966
'14-Feb-2014 06:00:00',na,0,171.2863603
'14-Feb-2014 07:00:00',na,0,171.070369
'14-Feb-2014 08:00:00',na,0,170.9269629
'14-Feb-2014 09:00:00',na,0,171.0345411
'14-Feb-2014 10:00:00',na,0,171.0703284
'14-Feb-2014 11:00:00',na,0,170.7834757
'14-Feb-2014 12:00:00',na,0,170.6758298
'14-Feb-2014 13:00:00',na,0,170.6399478
'14-Feb-2014 14:00:00',na,0,169.0530843
'14-Feb-2014 15:00:00',na,0,166.9247354
'14-Feb-2014 16:00:00',na,0,167.0697472
'14-Feb-2014 17:00:00',na,0,167.0332782
'14-Feb-2014 18:00:00',na,0,166.453245
'14-Feb-2014 19:00:00',na,0,166.2353933
'14-Feb-2014 20:00:00',na,0,166.2354076
'14-Feb-2014 21:00:00',na,0,166.0537121
'14-Feb-2014 22:00:00',na,0,166.2070096
'14-Feb-2014 23:00:00',na,0,167.4960073
'15-Feb-2014 00:00:00',na,0,169.926199
'15-Feb-2014 01:00:00',na,0,172.423371
'15-Feb-2014 02:00:00',na,0,172.2627753
'15-Feb-2014 03:00:00',na,0,176.4559933
'15-Feb-2014 04:00:00',na,0,176.4663072
'15-Feb-2014 05:00:00',na,0,184.1781204
'15-Feb-2014 06:00:00',na,0,187.1495205
'15-Feb-2014 07:00:00',na,0,186.8458193
'15-Feb-2014 08:00:00',na,0,191.416717
'15-Feb-2014 09:00:00',na,0,196.9610745
'15-Feb-2014 10:00:00',na,0,210.5735997
'15-Feb-2014 11:00:00',na,0,209.7828131
'15-Feb-2014 12:00:00',na,0,209.7282948
'15-Feb-2014 13:00:00',na,0,219.5292895
'15-Feb-2014 14:00:00',na,0,233.2869168
'15-Feb-2014 15:00:00',na,0,256.8295589
'15-Feb-2014 16:00:00',na,0,277.1449827
'15-Feb-2014 17:00:00',na,0,282.4964531
'15-Feb-2014 18:00:00',na,0,305.2103016
'15-Feb-2014 19:00:00',na,0,345.6514794
'15-Feb-2014 20:00:00',na,0,360.6094287
'15-Feb-2014 21:00:00',na,5.198826209,387.7907555
'15-Feb-2014 22:00:00',na,28.5506494,415.3768832
'15-Feb-2014 23:00:00',na,53.25794211,411.9433447
'16-Feb-2014 00:00:00',na,74.17799998,402.6683923
'16-Feb-2014 01:00:00',na,88.78599997,392.9461572
'16-Feb-2014 02:00:00',na,103.394,386.5008907
'16-Feb-2014 03:00:00',na,118.002,378.0821
'16-Feb-2014 04:00:00',na,132.61,370.0041878
'16-Feb-2014 05:00:00',na,147.218,363.5036101
'16-Feb-2014 06:00:00',na,158.7447224,356.5317868
'16-Feb-2014 07:00:00',na,157.9463342,350.4466935
'16-Feb-2014 08:00:00',na,156.1208536,343.6498709
'16-Feb-2014 09:00:00',na,154.2953729,337.1666079
'16-Feb-2014 10:00:00',na,152.4698922,327.7641352
'16-Feb-2014 11:00:00',na,150.6444116,313.3061298
'16-Feb-2014 12:00:00',na,148.8189309,298.4575649
'16-Feb-2014 13:00:00',na,146.1194016,282.6633495
'16-Feb-2014 14:00:00',na,142.7087445,275.5088999
'16-Feb-2014 15:00:00',na,139.2980875,274.3269088
'16-Feb-2014 16:00:00',na,135.8874304,271.3109674
'16-Feb-2014 17:00:00',na,132.4767733,268.8316755
'16-Feb-2014 18:00:00',na,129.0661162,266.8096949
'16-Feb-2014 19:00:00',na,125.6554592,260.0294146
'16-Feb-2014 20:00:00',na,122.2448021,265.1818538
'16-Feb-2014 21:00:00',na,118.834145,270.0257591
'16-Feb-2014 22:00:00',na,115.423488,265.2049163
'16-Feb-2014 23:00:00',na,112.0128309,261.221073
'17-Feb-2014 00:00:00',na,108.6021738,259.7810436
'17-Feb-2014 01:00:00',na,105.1915167,252.9950817
'17-Feb-2014 02:00:00',na,101.7808597,252.5167368
'17-Feb-2014 03:00:00',na,98.3702026,256.381709
'17-Feb-2014 04:00:00',na,94.95954553,256.1311646
'17-Feb-2014 05:00:00',na,91.54888846,253.7871886
'17-Feb-2014 06:00:00',na,88.13823139,252.1781975
'17-Feb-2014 07:00:00',na,84.72757431,245.9981967
'17-Feb-2014 08:00:00',na,81.31691724,243.2010281
'17-Feb-2014 09:00:00',na,77.90626017,242.8884002
'17-Feb-2014 10:00:00',na,74.4956031,235.0085583
'17-Feb-2014 11:00:00',na,71.08494603,233.4953815
'17-Feb-2014 12:00:00',na,67.67428896,242.759321
'17-Feb-2014 13:00:00',na,64.26363189,238.3632335
'17-Feb-2014 14:00:00',na,60.85297482,236.9281933
'17-Feb-2014 15:00:00',na,57.44231775,236.7355405
'17-Feb-2014 16:00:00',na,54.03166068,237.1380896
'17-Feb-2014 17:00:00',na,51.59815659,237.2928205
'17-Feb-2014 18:00:00',na,50.79324083,237.4062034
'17-Feb-2014 19:00:00',na,49.98832507,238.4723268
'17-Feb-2014 20:00:00',na,49.18340932,249.1543597
'17-Feb-2014 21:00:00',na,48.37849356,247.0350958
'17-Feb-2014 22:00:00',na,47.5735778,241.3924331
'17-Feb-2014 23:00:00',na,46.76866204,241.3622428
'18-Feb-2014 00:00:00',na,45.96374628,241.3779209
'18-Feb-2014 01:00:00',na,45.15883053,241.192448
'18-Feb-2014 02:00:00',na,44.35391477,241.0238405
'18-Feb-2014 03:00:00',na,43.54899901,239.6690838
'18-Feb-2014 04:00:00',na,42.74408325,238.6217342
'18-Feb-2014 05:00:00',na,41.93916749,232.1297961
'18-Feb-2014 06:00:00',na,41.13425174,231.8456443
'18-Feb-2014 07:00:00',na,40.32933598,235.3139535
'18-Feb-2014 08:00:00',na,39.52442022,238.6107595
'18-Feb-2014 09:00:00',na,38.71950446,238.0789213
'18-Feb-2014 10:00:00',na,37.9145887,236.0034126
'18-Feb-2014 11:00:00',na,37.10967294,233.6415544
'18-Feb-2014 12:00:00',na,36.30475719,232.2717876
'18-Feb-2014 13:00:00',na,35.49984143,231.5707509
'18-Feb-2014 14:00:00',na,34.69492567,231.2180259
'18-Feb-2014 15:00:00',na,33.89000991,231.1924131
'18-Feb-2014 16:00:00',na,33.08509415,231.067172
'18-Feb-2014 17:00:00',na,32.2801784,228.0098664
'18-Feb-2014 18:00:00',na,31.47526264,224.2256686
'18-Feb-2014 19:00:00',na,30.67034688,234.5825942
'18-Feb-2014 20:00:00',na,29.86543112,243.2948601
'18-Feb-2014 21:00:00',na,29.06051536,235.122285
'18-Feb-2014 22:00:00',na,28.2555996,235.4639625
'18-Feb-2014 23:00:00',na,27.45068385,235.7216698
'19-Feb-2014 00:00:00',na,26.64576809,236.7555061
'19-Feb-2014 01:00:00',na,25.84085233,240.6959868
'19-Feb-2014 02:00:00',na,25.03593657,248.4396034
'19-Feb-2014 03:00:00',na,24.23102081,243.2670115
'19-Feb-2014 04:00:00',na,23.79055054,240.718269
'19-Feb-2014 05:00:00',na,24.02095008,240.037773
'19-Feb-2014 06:00:00',na,24.26041543,239.728623
'19-Feb-2014 07:00:00',na,24.49988077,239.5385732
'19-Feb-2014 08:00:00',na,24.73934611,239.45975
'19-Feb-2014 09:00:00',na,24.97881146,239.1488089
'19-Feb-2014 10:00:00',na,25.2182768,239.3016021
'19-Feb-2014 11:00:00',na,25.45774215,239.3928208
'19-Feb-2014 12:00:00',na,25.69720749,239.3928137
'19-Feb-2014 13:00:00',na,25.93667284,239.4236402
'19-Feb-2014 14:00:00',na,26.17613818,239.4236402
'19-Feb-2014 15:00:00',na,26.41560353,239.0844979
'19-Feb-2014 16:00:00',na,26.65506887,236.361449
'19-Feb-2014 17:00:00',na,26.89453422,235.526073
'19-Feb-2014 18:00:00',na,27.13399956,235.715999
'19-Feb-2014 19:00:00',na,27.37346491,235.8084962
'19-Feb-2014 20:00:00',na,27.61293025,236.2028407
'19-Feb-2014 21:00:00',na,27.8523956,235.6770672
'19-Feb-2014 22:00:00',na,28.09186094,235.5962662
'19-Feb-2014 23:00:00',na,28.33132628,235.8095326
'20-Feb-2014 00:00:00',na,28.57079163,235.6515049
'20-Feb-2014 01:00:00',na,28.81025697,235.6282696
'20-Feb-2014 02:00:00',na,29.04972232,235.5365254
'20-Feb-2014 03:00:00',na,29.28918766,235.2337174
'20-Feb-2014 04:00:00',na,29.52865301,235.1538678
'20-Feb-2014 05:00:00',na,29.76811835,235.3708079
'20-Feb-2014 06:00:00',na,30.0075837,235.3708153
'20-Feb-2014 07:00:00',na,30.24704904,233.186092
'20-Feb-2014 08:00:00',na,30.48651439,229.310476
'20-Feb-2014 09:00:00',na,30.72597973,229.4033775
'20-Feb-2014 10:00:00',na,30.96544508,230.3620837
'20-Feb-2014 11:00:00',na,31.20491042,231.2830616
'20-Feb-2014 12:00:00',na,31.44437577,230.7433702
'20-Feb-2014 13:00:00',na,31.68384111,230.1547847
'20-Feb-2014 14:00:00',na,31.92330645,230.1341154
'20-Feb-2014 15:00:00',na,32.1627718,231.3609015
'20-Feb-2014 16:00:00',na,32.40223714,240.7204886
'20-Feb-2014 17:00:00',na,32.64170249,252.2496067
'20-Feb-2014 18:00:00',na,32.88116783,252.1525019
'20-Feb-2014 19:00:00',na,33.12063318,249.7567726
'20-Feb-2014 20:00:00',na,33.36009852,257.1558459
'20-Feb-2014 21:00:00',na,33.59956387,269.2338308
'20-Feb-2014 22:00:00',na,33.83902921,258.1575763
'20-Feb-2014 23:00:00',na,34.07849456,255.9468542
'21-Feb-2014 00:00:00',na,34.39041042,255.8742223
'21-Feb-2014 01:00:00',na,35.03671329,255.4748118
'21-Feb-2014 02:00:00',na,35.72202797,255.0335296
'21-Feb-2014 03:00:00',na,36.40734266,252.0011743
'21-Feb-2014 04:00:00',na,37.09265734,250.1343371
'21-Feb-2014 05:00:00',na,37.77797203,250.4483763
'21-Feb-2014 06:00:00',na,38.46328671,250.4626122
'21-Feb-2014 07:00:00',na,39.1486014,250.3764673
'21-Feb-2014 08:00:00',na,39.83391608,247.3379987
'21-Feb-2014 09:00:00',na,40.51923077,242.8643086
'21-Feb-2014 10:00:00',na,41.20454545,244.5769118
'21-Feb-2014 11:00:00',na,41.88986014,248.7592569
'21-Feb-2014 12:00:00',na,42.57517482,248.5317408
'21-Feb-2014 13:00:00',na,43.26048951,245.6070383
'21-Feb-2014 14:00:00',na,43.9458042,243.4123128
'21-Feb-2014 15:00:00',na,44.63111888,236.8698957
'21-Feb-2014 16:00:00',na,45.31643357,235.5881613
'21-Feb-2014 17:00:00',na,46.00174825,235.9602478
'21-Feb-2014 18:00:00',na,46.68706294,236.3886113
'21-Feb-2014 19:00:00',na,47.37237762,236.9554438
'21-Feb-2014 20:00:00',na,48.05769231,238.4771077
'21-Feb-2014 21:00:00',na,48.74300699,248.1094422
'21-Feb-2014 22:00:00',na,48.62176724,251.9112502
'21-Feb-2014 23:00:00',na,48.01659483,244.0917293
'22-Feb-2014 00:00:00',na,47.41142241,244.0609412
'22-Feb-2014 01:00:00',na,46.80625,243.9962269
'22-Feb-2014 02:00:00',na,46.20107759,243.90448
'22-Feb-2014 03:00:00',na,45.59590517,243.8127794
'22-Feb-2014 04:00:00',na,44.99073276,242.5854317
'22-Feb-2014 05:00:00',na,44.38556034,237.0142133
'22-Feb-2014 06:00:00',na,43.78038793,237.4759966
'22-Feb-2014 07:00:00',na,43.17521552,239.5941051
'22-Feb-2014 08:00:00',na,42.5700431,240.4028697
'22-Feb-2014 09:00:00',na,41.96487069,239.2704834
'22-Feb-2014 10:00:00',na,41.35969827,238.0508013
'22-Feb-2014 11:00:00',na,40.75452586,237.1394485
'22-Feb-2014 12:00:00',na,40.14935345,236.8832219
'22-Feb-2014 13:00:00',na,39.54418103,236.0527281
'22-Feb-2014 14:00:00',na,38.93900862,234.3760429
'22-Feb-2014 15:00:00',na,38.33383621,232.9403941
'22-Feb-2014 16:00:00',na,37.72866379,231.0984937
'22-Feb-2014 17:00:00',na,37.12349138,231.0147409
'22-Feb-2014 18:00:00',na,36.51831896,231.3992327
'22-Feb-2014 19:00:00',na,35.91314655,231.5346481
'22-Feb-2014 20:00:00',na,35.30797414,231.5370671
'22-Feb-2014 21:00:00',na,34.70280172,231.6477466
'22-Feb-2014 22:00:00',na,34.09762931,231.6649715
'22-Feb-2014 23:00:00',na,33.4924569,231.1873714
'23-Feb-2014 00:00:00',na,32.88728448,231.1632045
'23-Feb-2014 01:00:00',na,32.28211207,231.1092001
'23-Feb-2014 02:00:00',na,31.67693965,231.0359319
'23-Feb-2014 03:00:00',na,31.07176724,230.9419004
'23-Feb-2014 04:00:00',na,30.46659483,229.8733471
'23-Feb-2014 05:00:00',na,29.86142241,225.7787437
'23-Feb-2014 06:00:00',na,29.25625,226.0634332
'23-Feb-2014 07:00:00',na,28.65107758,226.3523643
'23-Feb-2014 08:00:00',na,28.04590517,226.1942029
'23-Feb-2014 09:00:00',na,27.44073276,226.0721634
'23-Feb-2014 10:00:00',na,26.83556034,226.0002052
'23-Feb-2014 11:00:00',na,26.23038793,225.7470779
'23-Feb-2014 12:00:00',na,25.62521552,223.2550206
'23-Feb-2014 13:00:00',na,25.0200431,216.59947
'23-Feb-2014 14:00:00',na,24.41487069,222.7901186
'23-Feb-2014 15:00:00',na,23.80969827,222.7039736
'23-Feb-2014 16:00:00',na,23.20452586,222.8591197
'23-Feb-2014 17:00:00',na,22.59935345,226.350695
'23-Feb-2014 18:00:00',na,21.99418103,231.5127038
'23-Feb-2014 19:00:00',na,21.38900862,233.4970582
'23-Feb-2014 20:00:00',na,20.78383621,236.6878249
'23-Feb-2014 21:00:00',na,20.17866379,241.483182
'23-Feb-2014 22:00:00',na,19.57349138,246.5964393
'23-Feb-2014 23:00:00',na,18.96831896,239.0192148
'24-Feb-2014 00:00:00',na,18.36314655,238.0349459
'24-Feb-2014 01:00:00',na,17.75797414,233.3566602
'24-Feb-2014 02:00:00',na,17.15280172,228.5238361
'24-Feb-2014 03:00:00',na,16.54762931,237.3594664
'24-Feb-2014 04:00:00',na,15.9424569,238.9188642
'24-Feb-2014 05:00:00',na,15.33728448,233.9338389
'24-Feb-2014 06:00:00',na,14.73211207,232.3240572
'24-Feb-2014 07:00:00',na,14.12693965,231.6624456
'24-Feb-2014 08:00:00',na,14.28690476,231.7049447
'24-Feb-2014 09:00:00',na,14.90595238,231.6931105
'24-Feb-2014 10:00:00',na,15.525,231.5367077
'24-Feb-2014 11:00:00',na,16.14404762,227.1059868
'24-Feb-2014 12:00:00',na,16.76309524,227.2007138
'24-Feb-2014 13:00:00',na,17.38214286,227.0126147
'24-Feb-2014 14:00:00',na,18.00119048,226.8010362
'24-Feb-2014 15:00:00',na,18.62023809,224.7583787
'24-Feb-2014 16:00:00',na,19.23928571,221.2968452
'24-Feb-2014 17:00:00',na,19.85833333,221.2653631
'24-Feb-2014 18:00:00',na,20.47738095,222.0770511
'24-Feb-2014 19:00:00',na,21.09642857,230.3828116
'24-Feb-2014 20:00:00',na,21.71547619,236.7663818
'24-Feb-2014 21:00:00',na,22.33452381,242.0274353
'24-Feb-2014 22:00:00',na,22.95357143,244.2894869
'24-Feb-2014 23:00:00',na,23.57261905,241.7476919
'25-Feb-2014 00:00:00',na,24.19166667,242.1496963
'25-Feb-2014 01:00:00',na,24.81071428,243.1463927
'25-Feb-2014 02:00:00',na,25.4297619,244.0686532
'25-Feb-2014 03:00:00',na,26.04880952,244.7762426
'25-Feb-2014 04:00:00',na,26.66785714,245.3723093
'25-Feb-2014 05:00:00',na,26.98974359,243.9210114
'25-Feb-2014 06:00:00',na,27.13333333,241.3131597
'25-Feb-2014 07:00:00',na,27.27692308,239.5772345
'25-Feb-2014 08:00:00',na,27.42051282,238.4354134
'25-Feb-2014 09:00:00',na,27.56410256,237.1229359
'25-Feb-2014 10:00:00',na,27.70769231,236.0610045
'25-Feb-2014 11:00:00',na,27.85128205,235.4286563
'25-Feb-2014 12:00:00',na,27.9948718,230.5791533
'25-Feb-2014 13:00:00',na,28.13846154,225.3672073
'25-Feb-2014 14:00:00',na,28.28205128,225.508709
'25-Feb-2014 15:00:00',na,28.42564103,226.1985053
'25-Feb-2014 16:00:00',na,28.56923077,225.5409438
'25-Feb-2014 17:00:00',na,28.71282051,225.2094772
'25-Feb-2014 18:00:00',na,28.85641026,225.2417059
'25-Feb-2014 19:00:00',na,29,225.2088298
'25-Feb-2014 20:00:00',na,29.14358974,225.3672073
'25-Feb-2014 21:00:00',na,29.28717949,225.4451788
'25-Feb-2014 22:00:00',na,29.43076923,225.6846671
'25-Feb-2014 23:00:00',na,29.57435898,226.1209
'26-Feb-2014 00:00:00',na,29.67381253,226.7692679
'26-Feb-2014 01:00:00',na,29.59672131,227.59285
'26-Feb-2014 02:00:00',na,29.50491803,227.7962098
'26-Feb-2014 03:00:00',na,29.41311475,227.6798169
'26-Feb-2014 04:00:00',na,29.32131147,227.0671603
'26-Feb-2014 05:00:00',na,29.2295082,226.4761735
'26-Feb-2014 06:00:00',na,29.13770492,225.9282745
'26-Feb-2014 07:00:00',na,29.04590164,225.5792558
'26-Feb-2014 08:00:00',na,28.95409836,225.6216933
'26-Feb-2014 09:00:00',na,28.86229508,225.4227523
'26-Feb-2014 10:00:00',na,28.7704918,225.3097816
'26-Feb-2014 11:00:00',na,28.67868852,223.8395049
'26-Feb-2014 12:00:00',na,28.58688525,216.3546236
'26-Feb-2014 13:00:00',na,28.49508197,216.8251688
'26-Feb-2014 14:00:00',na,28.40327869,217.7882837
'26-Feb-2014 15:00:00',na,28.31147541,219.6593624
'26-Feb-2014 16:00:00',na,28.21967213,220.2815876
'26-Feb-2014 17:00:00',na,28.12786885,220.1568113
'26-Feb-2014 18:00:00',na,28.03606557,219.2790897
'26-Feb-2014 19:00:00',na,27.94426229,222.8516296
'26-Feb-2014 20:00:00',na,27.85245902,229.4703403
'26-Feb-2014 21:00:00',na,27.76065574,224.9856543
'26-Feb-2014 22:00:00',na,27.66885246,225.3455344
'26-Feb-2014 23:00:00',na,27.57704918,235.88555
'27-Feb-2014 00:00:00',na,27.4852459,233.7519257
'27-Feb-2014 01:00:00',na,27.39344262,231.0984632
'27-Feb-2014 02:00:00',na,27.30163934,230.8792341
'27-Feb-2014 03:00:00',na,27.20983607,228.9304919
'27-Feb-2014 04:00:00',na,27.11803279,227.2638152
'27-Feb-2014 05:00:00',na,27.02622951,227.2953619
'27-Feb-2014 06:00:00',na,26.93442623,227.2032619
'27-Feb-2014 07:00:00',na,27.07870548,227.2982639
'27-Feb-2014 08:00:00',na,27.36463423,227.1072865
'27-Feb-2014 09:00:00',na,27.650563,227.0113307
'27-Feb-2014 10:00:00',na,27.93649176,227.0113307
'27-Feb-2014 11:00:00',na,28.22242052,226.9166352
'27-Feb-2014 12:00:00',na,28.50834927,226.7271652
'27-Feb-2014 13:00:00',na,28.79427804,226.6640006
'27-Feb-2014 14:00:00',na,29.0802068,223.8443963
'27-Feb-2014 15:00:00',na,29.36613555,222.7302086
'27-Feb-2014 16:00:00',na,29.65206431,218.7036088
'27-Feb-2014 17:00:00',na,29.93799308,219.2194527
'27-Feb-2014 18:00:00',na,30.22392183,220.5871695
'27-Feb-2014 19:00:00',na,30.50985059,230.349351
'27-Feb-2014 20:00:00',na,30.79577935,229.8072744
'27-Feb-2014 21:00:00',na,31.08170812,227.1166274
'27-Feb-2014 22:00:00',na,31.36763687,228.3484492
'27-Feb-2014 23:00:00',na,31.65356563,231.6637207
'28-Feb-2014 00:00:00',na,31.93949439,235.9872828
'28-Feb-2014 01:00:00',na,32.22542315,231.7262261
'28-Feb-2014 02:00:00',na,32.51135191,229.9475988
'28-Feb-2014 03:00:00',na,32.79728067,229.2730694
'28-Feb-2014 04:00:00',na,33.08320943,228.7651196
'28-Feb-2014 05:00:00',na,33.36913819,228.6471457
'28-Feb-2014 06:00:00',na,33.65506695,228.3175998
'28-Feb-2014 07:00:00',na,33.94099571,224.2698659
'28-Feb-2014 08:00:00',na,34.22692447,224.2698659
'28-Feb-2014 09:00:00',na,34.51285323,224.2698659
'28-Feb-2014 10:00:00',na,34.79878199,224.2698659
'28-Feb-2014 11:00:00',na,35.08471075,224.2698659
'28-Feb-2014 12:00:00',na,35.37063951,224.2698659
'28-Feb-2014 13:00:00',na,35.65656827,224.2698659
'28-Feb-2014 14:00:00',na,35.94249703,224.2698659
'28-Feb-2014 15:00:00',na,36.22842579,224.2698659
'28-Feb-2014 16:00:00',na,36.51435455,224.1354955
'28-Feb-2014 17:00:00',na,36.80028331,224.4479335
'28-Feb-2014 18:00:00',na,37.08621207,224.6382743
'28-Feb-2014 19:00:00',na,37.37214083,224.7017025
'28-Feb-2014 20:00:00',na,37.65806959,224.9236944
'28-Feb-2014 21:00:00',na,37.94399835,231.3707181
'28-Feb-2014 22:00:00',na,38.22992711,239.0495245
'28-Feb-2014 23:00:00',na,38.51585587,241.4719609
'01-Mar-2014 00:00:00',na,38.80178463,240.5977683
'01-Mar-2014 01:00:00',na,39.08771339,240.0357327
'01-Mar-2014 02:00:00',na,39.37364215,240.4254835
'01-Mar-2014 03:00:00',na,39.65957091,240.0069051
'01-Mar-2014 04:00:00',na,39.94549967,237.7689686
'01-Mar-2014 05:00:00',na,40.23142843,234.71261
'01-Mar-2014 06:00:00',na,40.51735719,233.3015688
'01-Mar-2014 07:00:00',na,40.80328595,232.6350097
'01-Mar-2014 08:00:00',na,41.08921471,232.6031879
'01-Mar-2014 09:00:00',na,41.37514347,232.2557902
'01-Mar-2014 10:00:00',na,41.66107223,232.1620683
'01-Mar-2014 11:00:00',na,41.94700099,228.428513
'01-Mar-2014 12:00:00',na,42.23292975,227.4530879
'01-Mar-2014 13:00:00',na,42.51885851,227.5217051
'01-Mar-2014 14:00:00',na,42.80478727,227.4386528
'01-Mar-2014 15:00:00',na,43.09071603,224.7305887
'01-Mar-2014 16:00:00',na,42.74896124,218.2946703
'01-Mar-2014 17:00:00',na,40.96257317,215.8656333
'01-Mar-2014 18:00:00',na,39.11925737,222.6738509
'01-Mar-2014 19:00:00',na,37.27594158,221.380153
'01-Mar-2014 20:00:00',na,35.43262579,219.7656262
'01-Mar-2014 21:00:00',na,33.58931,219.1073456
'01-Mar-2014 22:00:00',na,31.7459942,218.7185891
'01-Mar-2014 23:00:00',na,29.90267841,218.7358022
'02-Mar-2014 00:00:00',na,28.05936262,218.7999334
'02-Mar-2014 01:00:00',na,26.21604683,215.2845393
'02-Mar-2014 02:00:00',na,24.37273103,213.8643836
'02-Mar-2014 03:00:00',na,22.52941524,213.8992896
'02-Mar-2014 04:00:00',na,20.68609945,213.6970187
'02-Mar-2014 05:00:00',na,18.84278366,214.0404774
'02-Mar-2014 06:00:00',na,16.99946786,213.9877886
'02-Mar-2014 07:00:00',na,15.15615207,213.8930557
'02-Mar-2014 08:00:00',na,13.31283628,213.646733
'02-Mar-2014 09:00:00',na,11.46952049,213.6698014
'02-Mar-2014 10:00:00',na,9.626204693,213.2152758
'02-Mar-2014 11:00:00',na,7.7828889,203.8522047
'02-Mar-2014 12:00:00',na,5.939573107,207.4891332
'02-Mar-2014 13:00:00',na,4.096257315,213.6123333
'02-Mar-2014 14:00:00',na,2.252941522,211.1419301
'02-Mar-2014 15:00:00',na,0.480030153,209.8846239
'02-Mar-2014 16:00:00',na,0,209.1902532
'02-Mar-2014 17:00:00',na,0,209.1653389
'02-Mar-2014 18:00:00',na,0,209.2702165
'02-Mar-2014 19:00:00',na,0,209.0081202
'02-Mar-2014 20:00:00',na,0,202.4076233
'02-Mar-2014 21:00:00',na,0,202.0427984
'02-Mar-2014 22:00:00',na,0,202.3771832
'02-Mar-2014 23:00:00',na,0,203.9312964
'03-Mar-2014 00:00:00',na,0,205.9880786
'03-Mar-2014 01:00:00',na,0,207.0776924
'03-Mar-2014 02:00:00',na,0,206.5527567
'03-Mar-2014 03:00:00',na,0,205.474193
'03-Mar-2014 04:00:00',na,0,204.4416664
'03-Mar-2014 05:00:00',na,0,203.350836
'03-Mar-2014 06:00:00',na,0,202.8291921
'03-Mar-2014 07:00:00',na,0,202.4001765
'03-Mar-2014 08:00:00',na,0,201.8110795
'03-Mar-2014 09:00:00',na,0,201.890735
'03-Mar-2014 10:00:00',na,0,201.7100108
'03-Mar-2014 11:00:00',na,0,201.610133
'03-Mar-2014 12:00:00',na,0,201.3103412
'03-Mar-2014 13:00:00',na,0,201.6434058
'03-Mar-2014 14:00:00',na,0,192.3803792
'03-Mar-2014 15:00:00',na,0,194.6218555
'03-Mar-2014 16:00:00',na,0,198.5025767
'03-Mar-2014 17:00:00',na,0,197.7453015
'03-Mar-2014 18:00:00',na,0,196.9539831
'03-Mar-2014 19:00:00',na,0,196.4107549
'03-Mar-2014 20:00:00',na,0,196.2231136
'03-Mar-2014 21:00:00',na,0,196.0902804
'03-Mar-2014 22:00:00',na,0,196.0456633
'03-Mar-2014 23:00:00',na,0,195.8811194
'04-Mar-2014 00:00:00',na,0,195.879413
'04-Mar-2014 01:00:00',na,0,195.6094705
'04-Mar-2014 02:00:00',na,0,195.6769823
'04-Mar-2014 03:00:00',na,0,195.5757199
'04-Mar-2014 04:00:00',na,0,193.5420013
'04-Mar-2014 05:00:00',na,0,191.8465236
'04-Mar-2014 06:00:00',na,0,191.9826783
'04-Mar-2014 07:00:00',na,0,191.6762323
'04-Mar-2014 08:00:00',na,0,191.8805731
'04-Mar-2014 09:00:00',na,0,191.9827
'04-Mar-2014 10:00:00',na,0,192.0848052
'04-Mar-2014 11:00:00',na,0,191.6421827
'04-Mar-2014 12:00:00',na,0,187.3701162
'04-Mar-2014 13:00:00',na,0,180.9459346
'04-Mar-2014 14:00:00',na,0,186.1641232
'04-Mar-2014 15:00:00',na,0,187.878592
'04-Mar-2014 16:00:00',na,0,186.9922284
'04-Mar-2014 17:00:00',na,0,186.7999092
'04-Mar-2014 18:00:00',na,0,186.2111344
'04-Mar-2014 19:00:00',na,0,185.650297
'04-Mar-2014 20:00:00',na,0,185.1517673
'04-Mar-2014 21:00:00',na,0,185.1539562
'04-Mar-2014 22:00:00',na,0,184.3540128
'04-Mar-2014 23:00:00',na,0,176.7642741
'05-Mar-2014 00:00:00',na,0,176.7289437
'05-Mar-2014 01:00:00',na,0,177.0114855
'05-Mar-2014 02:00:00',na,0,176.8348842
'05-Mar-2014 03:00:00',na,0,176.728931
'05-Mar-2014 04:00:00',na,0,176.9408755
'05-Mar-2014 05:00:00',na,0,173.4243694
'05-Mar-2014 06:00:00',na,0,172.001383
'05-Mar-2014 07:00:00',na,0,168.5458272
'05-Mar-2014 08:00:00',na,0,166.6709401
'05-Mar-2014 09:00:00',na,0,166.3080058
'05-Mar-2014 10:00:00',na,0,166.2716924
'05-Mar-2014 11:00:00',na,0,166.2353933
'05-Mar-2014 12:00:00',na,0,166.5620996
'05-Mar-2014 13:00:00',na,0,166.5983703
'05-Mar-2014 14:00:00',na,0,166.3080343
'05-Mar-2014 15:00:00',na,0,166.0900827
'05-Mar-2014 16:00:00',na,0,162.1642751
'05-Mar-2014 17:00:00',na,0,152.9507192
'05-Mar-2014 18:00:00',na,0,167.3265251
'05-Mar-2014 19:00:00',na,0,163.9251798
'05-Mar-2014 20:00:00',na,0,160.1195148
'05-Mar-2014 21:00:00',na,0,160.2671612
'05-Mar-2014 22:00:00',na,0,155.0144781
'05-Mar-2014 23:00:00',na,0,153.8590383
'06-Mar-2014 00:00:00',na,0,154.0845757
'06-Mar-2014 01:00:00',na,0,154.1235319
'06-Mar-2014 02:00:00',na,0,154.5798023
'06-Mar-2014 03:00:00',na,0,155.1253419
'06-Mar-2014 04:00:00',na,0,155.1036509
'06-Mar-2014 05:00:00',na,0,155.0354741
'06-Mar-2014 06:00:00',na,0,154.9777815
'06-Mar-2014 07:00:00',na,0,154.5660963
'06-Mar-2014 08:00:00',na,0,154.5059666
'06-Mar-2014 09:00:00',na,0,154.3878269
'06-Mar-2014 10:00:00',na,0,154.3880324
'06-Mar-2014 11:00:00',na,0,153.6598284
'06-Mar-2014 12:00:00',na,0,153.7902695
'06-Mar-2014 13:00:00',na,0,153.9382058
'06-Mar-2014 14:00:00',na,0,153.4830023
'06-Mar-2014 15:00:00',na,0,153.407441
'06-Mar-2014 16:00:00',na,0,153.7840944
'06-Mar-2014 17:00:00',na,0,153.9362694
'06-Mar-2014 18:00:00',na,0,154.2103498
'06-Mar-2014 19:00:00',na,0,159.9060256
'06-Mar-2014 20:00:00',na,0,161.2376684
'06-Mar-2014 21:00:00',na,0,167.1342128
'06-Mar-2014 22:00:00',na,0,166.5111524
'06-Mar-2014 23:00:00',na,0,166.5715021
'07-Mar-2014 00:00:00',na,0,166.3910656
'07-Mar-2014 01:00:00',na,0,167.1116874
'07-Mar-2014 02:00:00',na,0,168.8854242
'07-Mar-2014 03:00:00',na,0,169.3658172
'07-Mar-2014 04:00:00',na,0,168.7351332
'07-Mar-2014 05:00:00',na,0,168.634299
'07-Mar-2014 06:00:00',na,0,168.1762403
'07-Mar-2014 07:00:00',na,0,167.8501397
'07-Mar-2014 08:00:00',na,0,167.8914368
'07-Mar-2014 09:00:00',na,0,167.8461268
'07-Mar-2014 10:00:00',na,0,167.6146012
'07-Mar-2014 11:00:00',na,0,167.5043158
'07-Mar-2014 12:00:00',na,0,167.5043158
'07-Mar-2014 13:00:00',na,0,167.2146598
'07-Mar-2014 14:00:00',na,0,167.3957159
'07-Mar-2014 15:00:00',na,0,167.39573
'07-Mar-2014 16:00:00',na,0,175.2631573
'07-Mar-2014 17:00:00',na,0,192.0271364
'07-Mar-2014 18:00:00',na,0,193.0992302
'07-Mar-2014 19:00:00',na,0,210.6981085
'07-Mar-2014 20:00:00',na,0,214.6760505
'07-Mar-2014 21:00:00',na,0,227.0384623
'07-Mar-2014 22:00:00',na,0,224.417356
'07-Mar-2014 23:00:00',na,0,237.8866071
'08-Mar-2014 00:00:00',na,0,249.6007444
'08-Mar-2014 01:00:00',na,0,239.0888653
'08-Mar-2014 02:00:00',na,0,239.3027508
'08-Mar-2014 03:00:00',na,0,241.0026265
'08-Mar-2014 04:00:00',na,0,246.0194106
'08-Mar-2014 05:00:00',na,0,256.7425414
'08-Mar-2014 06:00:00',na,0,258.3302625
'08-Mar-2014 07:00:00',na,0,242.4043976
'08-Mar-2014 08:00:00',na,0,239.885806
'08-Mar-2014 09:00:00',na,0,240.1044255
'08-Mar-2014 10:00:00',na,0,240.1620786
'08-Mar-2014 11:00:00',na,0,239.9781716
'08-Mar-2014 12:00:00',na,2.662877362,239.824143
'08-Mar-2014 13:00:00',na,8.472791635,233.6211003
'08-Mar-2014 14:00:00',na,14.28270591,232.2625116
'08-Mar-2014 15:00:00',na,20.09262019,245.5807259
'08-Mar-2014 16:00:00',na,25.90253446,250.0941741
'08-Mar-2014 17:00:00',na,31.71244873,241.4176915
'08-Mar-2014 18:00:00',na,37.52236301,244.501744
'08-Mar-2014 19:00:00',na,46.05978409,265.5492949
'08-Mar-2014 20:00:00',na,70.60648417,289.2159401
'08-Mar-2014 21:00:00',na,97.76210378,316.8626294
'08-Mar-2014 22:00:00',na,124.9177234,363.9550312
'08-Mar-2014 23:00:00',na,153.3103342,361.999297
'09-Mar-2014 00:00:00',na,186.1261261,353.9745954
'09-Mar-2014 01:00:00',na,219.2792793,348.7674348
'09-Mar-2014 02:00:00',na,242.55,341.0098913
'09-Mar-2014 03:00:00',na,249.35,330.4237303
'09-Mar-2014 04:00:00',na,255.2428571,317.17497
'09-Mar-2014 05:00:00',na,250.25,298.6287462
'09-Mar-2014 06:00:00',na,242.5357143,276.8628209
'09-Mar-2014 07:00:00',na,234.8214286,287.9927476
'09-Mar-2014 08:00:00',na,227.1071428,278.7200637
'09-Mar-2014 09:00:00',na,219.3928571,264.8072404
'09-Mar-2014 10:00:00',na,211.6785714,265.2354521
'09-Mar-2014 11:00:00',na,203.9642857,268.7040326
'09-Mar-2014 12:00:00',na,196.25,266.0082878
'09-Mar-2014 13:00:00',na,188.5357143,258.2415085
'09-Mar-2014 14:00:00',na,180.8214286,268.6525904
'09-Mar-2014 15:00:00',na,179,268.7340563
'09-Mar-2014 16:00:00',na,187,280.8539737
'09-Mar-2014 17:00:00',na,223.4609677,281.3826278
'09-Mar-2014 18:00:00',na,345.8022064,348.7821747
'09-Mar-2014 19:00:00',na,520.1495017,474.5770855
'09-Mar-2014 20:00:00',na,644.8565893,481.9066052
'09-Mar-2014 21:00:00',na,746.8666667,466.5166607
'09-Mar-2014 22:00:00',na,806.8,446.5362013
'09-Mar-2014 23:00:00',na,833.3608457,428.3524407
'10-Mar-2014 00:00:00',na,824.7500001,411.4589174
'10-Mar-2014 01:00:00',na,785.25,398.7547894
'10-Mar-2014 02:00:00',na,752.75,386.9596006
'10-Mar-2014 03:00:00',na,704.0833334,376.4388649
'10-Mar-2014 04:00:00',na,655.4166667,366.8064614
'10-Mar-2014 05:00:00',na,611.3734177,359.2536886
'10-Mar-2014 06:00:00',na,575.6,351.4266492
'10-Mar-2014 07:00:00',na,539.7857143,340.6335872
'10-Mar-2014 08:00:00',na,494.7142857,330.2724345
'10-Mar-2014 09:00:00',na,452.0833333,320.8772834
'10-Mar-2014 10:00:00',na,425.5952381,308.4434535
'10-Mar-2014 11:00:00',na,393.0714286,285.1482255
'10-Mar-2014 12:00:00',na,367.1538462,275.8239023
'10-Mar-2014 13:00:00',na,354.2307692,270.4706045
'10-Mar-2014 14:00:00',na,341.3076923,272.9200415
'10-Mar-2014 15:00:00',na,330.0576923,285.1578692
'10-Mar-2014 16:00:00',na,361.125,313.5640599
'10-Mar-2014 17:00:00',na,486.7990972,329.2329937
'10-Mar-2014 18:00:00',na,672.1121653,447.7115428
'10-Mar-2014 19:00:00',na,859,497.4608766
'10-Mar-2014 20:00:00',na,961,498.856165
'10-Mar-2014 21:00:00',na,1026.375,481.2079444
'10-Mar-2014 22:00:00',na,1038.5,459.1205384
'10-Mar-2014 23:00:00',na,1025.25,439.0277907
'11-Mar-2014 00:00:00',na,1000.75,421.1519787
'11-Mar-2014 01:00:00',na,954.75,405.3948268
'11-Mar-2014 02:00:00',na,900.375,393.6658412
'11-Mar-2014 03:00:00',na,865.375,382.650343
'11-Mar-2014 04:00:00',na,820.4166667,373.9303031
'11-Mar-2014 05:00:00',na,789.8024432,364.7482372
'11-Mar-2014 06:00:00',na,744.8802603,358.7325511
'11-Mar-2014 07:00:00',na,689.6941121,352.7975338
'11-Mar-2014 08:00:00',na,647.0642583,343.381493
'11-Mar-2014 09:00:00',na,602.9715897,335.2921719
'11-Mar-2014 10:00:00',na,562.3027467,327.6299065
'11-Mar-2014 11:00:00',na,530.3164803,317.1356965
'11-Mar-2014 12:00:00',na,501.2644628,294.6011834
'11-Mar-2014 13:00:00',na,471.7841379,285.0834907
'11-Mar-2014 14:00:00',na,441.3180499,310.3180695
'11-Mar-2014 15:00:00',na,412.719675,303.7142138
'11-Mar-2014 16:00:00',na,401.2222222,297.2439481
'11-Mar-2014 17:00:00',na,406.75,302.6370828
'11-Mar-2014 18:00:00',na,458.375,321.0699033
'11-Mar-2014 19:00:00',na,535.7083334,337.8054187
'11-Mar-2014 20:00:00',na,589.0000001,394.1725399
'11-Mar-2014 21:00:00',na,634.4166667,401.2607549
'11-Mar-2014 22:00:00',na,674.25,397.7739279
'11-Mar-2014 23:00:00',na,688.125,391.5602417
'12-Mar-2014 00:00:00',na,692,384.5827859
'12-Mar-2014 01:00:00',na,684.2315951,375.8407718
'12-Mar-2014 02:00:00',na,661.0168712,367.8901662
'12-Mar-2014 03:00:00',na,635,359.6726779
'12-Mar-2014 04:00:00',na,604.6428571,354.5951287
'12-Mar-2014 05:00:00',na,578.9711596,346.5390281
'12-Mar-2014 06:00:00',na,554.4908207,337.6170025
'12-Mar-2014 07:00:00',na,518.4352052,326.7027105
'12-Mar-2014 08:00:00',na,490.7142857,317.2272416
'12-Mar-2014 09:00:00',na,455.2857142,301.9449593
'12-Mar-2014 10:00:00',na,427.4166667,278.752653
'12-Mar-2014 11:00:00',na,404.0833334,270.0156553
'12-Mar-2014 12:00:00',na,380.75,290.2057718
'12-Mar-2014 13:00:00',na,365.75,293.4029218
'12-Mar-2014 14:00:00',na,355.75,284.6924135
'12-Mar-2014 15:00:00',na,374.75,292.7311863
'12-Mar-2014 16:00:00',na,505.685948,321.7494148
'12-Mar-2014 17:00:00',na,777.054882,406.0819366
'12-Mar-2014 18:00:00',na,1028.875,551.6469132
'12-Mar-2014 19:00:00',na,1163.25,564.3854325
'12-Mar-2014 20:00:00',na,1308.75,557.115409
'12-Mar-2014 21:00:00',na,1346.5,543.8384349
'12-Mar-2014 22:00:00',na,1284.09689,491.5203424
'12-Mar-2014 23:00:00',na,1213.375,461.4872863
'13-Mar-2014 00:00:00',na,1147.5,438.9035258
'13-Mar-2014 01:00:00',na,1098,421.5236611
'13-Mar-2014 02:00:00',na,1045.5,407.6974606
'13-Mar-2014 03:00:00',na,1012.5,397.7176112
'13-Mar-2014 04:00:00',na,980.5,386.9105774
'13-Mar-2014 05:00:00',na,929.6666667,377.600461
'13-Mar-2014 06:00:00',na,882.4583333,368.935459
'13-Mar-2014 07:00:00',na,836.125,361.7250523
'13-Mar-2014 08:00:00',na,793.2499999,357.0357555
'13-Mar-2014 09:00:00',na,744.125,349.2648039
'13-Mar-2014 10:00:00',na,696.125,340.7145569
'13-Mar-2014 11:00:00',na,650,333.1444087
'13-Mar-2014 12:00:00',na,608.5,325.5918717
'13-Mar-2014 13:00:00',na,583.75,317.7692735
'13-Mar-2014 14:00:00',na,582,316.7799158
'13-Mar-2014 15:00:00',na,682.83799,338.2420707
'13-Mar-2014 16:00:00',na,952.8443878,398.9574854
'13-Mar-2014 17:00:00',na,1242.755802,548.247155
'13-Mar-2014 18:00:00',na,1536.325472,590.1628817
'13-Mar-2014 19:00:00',na,1756.625,595.0435749
'13-Mar-2014 20:00:00',na,1731.875,580.9124584
'13-Mar-2014 21:00:00',na,1621.936047,561.8405409
'13-Mar-2014 22:00:00',na,1499.75,535.5639532
'13-Mar-2014 23:00:00',na,1356.875,488.0575713
'14-Mar-2014 00:00:00',na,1247.5,463.037999
'14-Mar-2014 01:00:00',na,1158.25,442.6121769
'14-Mar-2014 02:00:00',na,1109,424.7148186
'14-Mar-2014 03:00:00',na,1066,412.2358644
'14-Mar-2014 04:00:00',na,1025.5,400.8216264
'14-Mar-2014 05:00:00',na,995.625,390.3282341
'14-Mar-2014 06:00:00',na,948.9583333,380.7500417
'14-Mar-2014 07:00:00',na,913.9166667,373.7534134
'14-Mar-2014 08:00:00',na,869.75,367.2251712
'14-Mar-2014 09:00:00',na,851,361.5522484
'14-Mar-2014 10:00:00',na,817,355.4161604
'14-Mar-2014 11:00:00',na,784.1185065,347.4872653
'14-Mar-2014 12:00:00',na,742.7081395,340.3270067
'14-Mar-2014 13:00:00',na,717.35,336.8961987
'14-Mar-2014 14:00:00',na,732.1911765,344.2431583
'14-Mar-2014 15:00:00',na,901.4833001,367.8759587
'14-Mar-2014 16:00:00',na,1228.285714,478.4407705
'14-Mar-2014 17:00:00',na,1596.653846,583.4896561
'14-Mar-2014 18:00:00',na,1835.875,612.7414083
'14-Mar-2014 19:00:00',na,1967.875,612.9398336
'14-Mar-2014 20:00:00',na,1926.75,598.4102917
'14-Mar-2014 21:00:00',na,1792.011364,576.3170682
'14-Mar-2014 22:00:00',na,1619.568182,557.4460342
'14-Mar-2014 23:00:00',na,1485.5,532.0568828
'15-Mar-2014 00:00:00',na,1340.875,483.9748486
'15-Mar-2014 01:00:00',na,1230.333333,461.0277625
'15-Mar-2014 02:00:00',na,1165.916667,441.8766881
'15-Mar-2014 03:00:00',na,1104,424.5753997
'15-Mar-2014 04:00:00',na,1074,412.6076875
'15-Mar-2014 05:00:00',na,1025.125,401.9912116
'15-Mar-2014 06:00:00',na,1004.695187,391.9634814
'15-Mar-2014 07:00:00',na,958.2927807,382.7400305
'15-Mar-2014 08:00:00',na,931,373.945389
'15-Mar-2014 09:00:00',na,884.125,367.8107003
'15-Mar-2014 10:00:00',na,858.25,362.0604729
'15-Mar-2014 11:00:00',na,836.65,355.6097822
'15-Mar-2014 12:00:00',na,814.4,347.6003524
'15-Mar-2014 13:00:00',na,787.2,340.1403867
'15-Mar-2014 14:00:00',na,768.75,336.3081542
'15-Mar-2014 15:00:00',na,762.5714286,338.1697418
'15-Mar-2014 16:00:00',na,805.5000001,348.7656876
'15-Mar-2014 17:00:00',na,851.6785714,365.8543551
'15-Mar-2014 18:00:00',na,886.625,384.2725468
'15-Mar-2014 19:00:00',na,921.5,405.3260542
'15-Mar-2014 20:00:00',na,962.7790121,418.2908973
'15-Mar-2014 21:00:00',na,1045.316832,444.4577185
'15-Mar-2014 22:00:00',na,1106,486.7792145
'15-Mar-2014 23:00:00',na,1140.25,533.2647829
'16-Mar-2014 00:00:00',na,1152.083333,544.0105778
'16-Mar-2014 01:00:00',na,1135.916667,543.1898692
'16-Mar-2014 02:00:00',na,1122,530.73883
'16-Mar-2014 03:00:00',na,1107,494.9895686
'16-Mar-2014 04:00:00',na,1086,478.7567327
'16-Mar-2014 05:00:00',na,1058,462.5871613
'16-Mar-2014 06:00:00',na,1031.125,445.5645577
'16-Mar-2014 07:00:00',na,1005,430.7718853
'16-Mar-2014 08:00:00',na,984.25,419.2582952
'16-Mar-2014 09:00:00',na,942.5,409.1873986
'16-Mar-2014 10:00:00',na,909.75,398.0993939
'16-Mar-2014 11:00:00',na,889.75,390.2033393
'16-Mar-2014 12:00:00',na,874.5,383.8799425
'16-Mar-2014 13:00:00',na,844.5,382.2592099
'16-Mar-2014 14:00:00',na,846.625,386.3077311
'16-Mar-2014 15:00:00',na,886.5,408.0266704
'16-Mar-2014 16:00:00',na,919.75,440.6395222
'16-Mar-2014 17:00:00',na,957.7105263,467.0455839
'16-Mar-2014 18:00:00',na,1008.447368,486.5618574
'16-Mar-2014 19:00:00',na,1063.513158,519.5411188
'16-Mar-2014 20:00:00',na,1074,538.6272753
'16-Mar-2014 21:00:00',na,1078,521.5889448
'16-Mar-2014 22:00:00',na,1064,497.5492984
'16-Mar-2014 23:00:00',na,1040.833333,483.2531021
'17-Mar-2014 00:00:00',na,1018.166667,466.9595624
'17-Mar-2014 01:00:00',na,989.75,452.6588667
'17-Mar-2014 02:00:00',na,958.8333333,438.2183427
'17-Mar-2014 03:00:00',na,926.1666667,426.4753803
'17-Mar-2014 04:00:00',na,905.7083334,416.7409256
'17-Mar-2014 05:00:00',na,872.6666667,407.2679763
'17-Mar-2014 06:00:00',na,858.5,399.1825232
'17-Mar-2014 07:00:00',na,826,390.8039248
'17-Mar-2014 08:00:00',na,806.9210527,384.6512763
'17-Mar-2014 09:00:00',na,776.3947369,377.9845151
'17-Mar-2014 10:00:00',na,745.8684211,373.0882602
'17-Mar-2014 11:00:00',na,715.3421053,367.5282891
'17-Mar-2014 12:00:00',na,686.0986843,363.5867211
'17-Mar-2014 13:00:00',na,676.875,363.5947894
'17-Mar-2014 14:00:00',na,719.0376051,373.4093466
'17-Mar-2014 15:00:00',na,882.4329269,415.0681685
'17-Mar-2014 16:00:00',na,1182.268868,506.420154
'17-Mar-2014 17:00:00',na,1482.25,584.2363651
'17-Mar-2014 18:00:00',na,1667.75,608.0194086
'17-Mar-2014 19:00:00',na,1812.875,605.642562
'17-Mar-2014 20:00:00',na,1752.5,588.0697486
'17-Mar-2014 21:00:00',na,1672.25,565.3608439
'17-Mar-2014 22:00:00',na,1534.7,546.1392778
'17-Mar-2014 23:00:00',na,1387.05,492.7450055
'18-Mar-2014 00:00:00',na,1280.625,464.4291713
'18-Mar-2014 01:00:00',na,1184.75,445.5970303
'18-Mar-2014 02:00:00',na,1120.25,426.9054813
'18-Mar-2014 03:00:00',na,1096.666667,413.3334966
'18-Mar-2014 04:00:00',na,1047.333333,402.6509098
'18-Mar-2014 05:00:00',na,1017.03125,393.9239732
'18-Mar-2014 06:00:00',na,978.4375,383.7154783
'18-Mar-2014 07:00:00',na,933.90625,376.9379862
'18-Mar-2014 08:00:00',na,911,369.0477215
'18-Mar-2014 09:00:00',na,876.875,363.2777451
'18-Mar-2014 10:00:00',na,854.25,358.9735331
'18-Mar-2014 11:00:00',na,832,352.1480723
'18-Mar-2014 12:00:00',na,812,346.7766898
'18-Mar-2014 13:00:00',na,802.5,345.4427267
'18-Mar-2014 14:00:00',na,896,363.9204763
'18-Mar-2014 15:00:00',na,1158.38601,424.4654049
'18-Mar-2014 16:00:00',na,1531.90566,537.9453354
'18-Mar-2014 17:00:00',na,1755.125,592.2577443
'18-Mar-2014 18:00:00',na,1932.458333,611.0416984
'18-Mar-2014 19:00:00',na,1974.666667,609.0775875
'18-Mar-2014 20:00:00',na,1860,590.6555374
'18-Mar-2014 21:00:00',na,1730.291667,566.7136121
'18-Mar-2014 22:00:00',na,1575.865506,548.558858
'18-Mar-2014 23:00:00',na,1418.231013,504.8693694
'19-Mar-2014 00:00:00',na,1295.5,472.9476956
'19-Mar-2014 01:00:00',na,1226.125,451.2954636
'19-Mar-2014 02:00:00',na,1172.75,437.0698772
'19-Mar-2014 03:00:00',na,1133.125,425.0887832
'19-Mar-2014 04:00:00',na,1094,419.95985
'19-Mar-2014 05:00:00',na,1085.25,416.0300857
'19-Mar-2014 06:00:00',na,1051.5,412.9661631
'19-Mar-2014 07:00:00',na,1025.625,409.5703805
'19-Mar-2014 08:00:00',na,1005.217391,405.948174
'19-Mar-2014 09:00:00',na,981.5652174,401.7145144
'19-Mar-2014 10:00:00',na,957.9130435,394.8573384
'19-Mar-2014 11:00:00',na,934.2608696,388.53193
'19-Mar-2014 12:00:00',na,910.6086957,380.7321582
'19-Mar-2014 13:00:00',na,883.6847826,374.2138683
'19-Mar-2014 14:00:00',na,868.625,368.388049
'19-Mar-2014 15:00:00',na,882.8333333,364.9890384
'19-Mar-2014 16:00:00',na,884.6666667,365.7559109
'19-Mar-2014 17:00:00',na,907.625,369.2206758
'19-Mar-2014 18:00:00',na,953.6250001,379.4627468
'19-Mar-2014 19:00:00',na,1014.375,412.6585654
'19-Mar-2014 20:00:00',na,1039.75,431.6292092
'19-Mar-2014 21:00:00',na,1070,432.0942009
'19-Mar-2014 22:00:00',na,1070,422.964622
'19-Mar-2014 23:00:00',na,1072,411.1725627
'20-Mar-2014 00:00:00',na,1046.375,399.7960619
'20-Mar-2014 01:00:00',na,1011.25,388.38784
'20-Mar-2014 02:00:00',na,990,379.2835766
'20-Mar-2014 03:00:00',na,950.7236504,370.5891294
'20-Mar-2014 04:00:00',na,924.125,363.1912491
'20-Mar-2014 05:00:00',na,904.5,356.6451354
'20-Mar-2014 06:00:00',na,880.125,349.5790073
'20-Mar-2014 07:00:00',na,840.25,341.9872858
'20-Mar-2014 08:00:00',na,823.2676181,332.7235914
'20-Mar-2014 09:00:00',na,798.25,323.9788715
'20-Mar-2014 10:00:00',na,780,313.8905756
'20-Mar-2014 11:00:00',na,752,294.3611322
'20-Mar-2014 12:00:00',na,735.875,284.4159988
'20-Mar-2014 13:00:00',na,738,286.9253704
'20-Mar-2014 14:00:00',na,809.3173578,326.4634525
'20-Mar-2014 15:00:00',na,1147.171141,363.0379766
'20-Mar-2014 16:00:00',na,1607.450184,514.5843464
'20-Mar-2014 17:00:00',na,1926.25,596.8545291
'20-Mar-2014 18:00:00',na,2160.25,616.5962176
'20-Mar-2014 19:00:00',na,2169,608.5814017
'20-Mar-2014 20:00:00',na,2082.403495,587.9026267
'20-Mar-2014 21:00:00',na,1909.94489,562.3011186
'20-Mar-2014 22:00:00',na,1719.166667,535.0783659
'20-Mar-2014 23:00:00',na,1518.083333,483.52392
'21-Mar-2014 00:00:00',na,1359.594358,456.0375366
'21-Mar-2014 01:00:00',na,1258.74514,432.8565956
'21-Mar-2014 02:00:00',na,1171,415.1092928
'21-Mar-2014 03:00:00',na,1111,401.2824766
'21-Mar-2014 04:00:00',na,1091,389.7638733
'21-Mar-2014 05:00:00',na,1038.344937,382.0701505
'21-Mar-2014 06:00:00',na,1006.5,372.9894885
'21-Mar-2014 07:00:00',na,969.4371857,365.0835788
'21-Mar-2014 08:00:00',na,929.375,358.5176819
'21-Mar-2014 09:00:00',na,917.5,352.0249397
'21-Mar-2014 10:00:00',na,878.95,345.7113591
'21-Mar-2014 11:00:00',na,854.75,337.1735334
'21-Mar-2014 12:00:00',na,834.6666667,329.611839
'21-Mar-2014 13:00:00',na,844.211165,331.5501305
'21-Mar-2014 14:00:00',na,927.8125,353.1898126
'21-Mar-2014 15:00:00',na,1175.008123,410.490303
'21-Mar-2014 16:00:00',na,1480.166667,514.2687828
'21-Mar-2014 17:00:00',na,1729.25,578.5965352
'21-Mar-2014 18:00:00',na,1912.5,591.6545429
'21-Mar-2014 19:00:00',na,1927,586.0104822
'21-Mar-2014 20:00:00',na,1849.938523,571.0263528
'21-Mar-2014 21:00:00',na,1735.625,551.0647043
'21-Mar-2014 22:00:00',na,1593.375,507.7832971
'21-Mar-2014 23:00:00',na,1432.3,471.1199891
'22-Mar-2014 00:00:00',na,1301.95,447.3464021
'22-Mar-2014 01:00:00',na,1221.625,426.9704849
'22-Mar-2014 02:00:00',na,1141,411.4319047
'22-Mar-2014 03:00:00',na,1108,397.9438727
'22-Mar-2014 04:00:00',na,1076,388.1585625
'22-Mar-2014 05:00:00',na,1032.875,379.9408888
'22-Mar-2014 06:00:00',na,1004.5,370.8691604
'22-Mar-2014 07:00:00',na,973.125,362.53504
'22-Mar-2014 08:00:00',na,921.5,356.6242202
'22-Mar-2014 09:00:00',na,896.875,350.3949698
'22-Mar-2014 10:00:00',na,862.25,344.0086534
'22-Mar-2014 11:00:00',na,849,335.1862426
'22-Mar-2014 12:00:00',na,833.375,326.3896686
'22-Mar-2014 13:00:00',na,833,325.1044495
'22-Mar-2014 14:00:00',na,900.2500001,341.0841066
'22-Mar-2014 15:00:00',na,994.221621,377.8061804
'22-Mar-2014 16:00:00',na,1108.285714,426.7487576
'22-Mar-2014 17:00:00',na,1199.714286,463.8509182
'22-Mar-2014 18:00:00',na,1245.25,487.0717649
'22-Mar-2014 19:00:00',na,1330.875,492.848808
'22-Mar-2014 20:00:00',na,1362.175,521.7219668
'22-Mar-2014 21:00:00',na,1360.7,538.9520944
'22-Mar-2014 22:00:00',na,1308.375,499.3979596
'22-Mar-2014 23:00:00',na,1229.5,476.1264407
'23-Mar-2014 00:00:00',na,1175,453.1255383
'23-Mar-2014 01:00:00',na,1123.191781,433.3504784
'23-Mar-2014 02:00:00',na,1093,416.8736329
'23-Mar-2014 03:00:00',na,1057.25,403.7804154
'23-Mar-2014 04:00:00',na,1011,393.6819205
'23-Mar-2014 05:00:00',na,978.25,384.3811822
'23-Mar-2014 06:00:00',na,953,374.9986232
'23-Mar-2014 07:00:00',na,919.1875,366.8916071
'23-Mar-2014 08:00:00',na,898.6875,360.6943176
'23-Mar-2014 09:00:00',na,867.9999999,354.8333894
'23-Mar-2014 10:00:00',na,852.125,348.965072
'23-Mar-2014 11:00:00',na,830.8707392,340.6335872
'23-Mar-2014 12:00:00',na,816.367194,331.3116524
'23-Mar-2014 13:00:00',na,796.2,324.2815174
'23-Mar-2014 14:00:00',na,769.8,313.3114033
'23-Mar-2014 15:00:00',na,799.3125,293.1700482
'23-Mar-2014 16:00:00',na,808.9375,292.2013651
'23-Mar-2014 17:00:00',na,779.375,285.7810633
'23-Mar-2014 18:00:00',na,771,280.8737907
'23-Mar-2014 19:00:00',na,759,289.353673
'23-Mar-2014 20:00:00',na,744.75,312.9893274
'23-Mar-2014 21:00:00',na,726.5,308.8768005
'23-Mar-2014 22:00:00',na,724.0643564,304.193297
'23-Mar-2014 23:00:00',na,700.6682243,298.8143184
'24-Mar-2014 00:00:00',na,686.125,292.1216883
'24-Mar-2014 01:00:00',na,672.0340909,285.6208204
'24-Mar-2014 02:00:00',na,660.7954546,278.5188432
'24-Mar-2014 03:00:00',na,641.4,271.3631402
'24-Mar-2014 04:00:00',na,618.4,263.0464849
'24-Mar-2014 05:00:00',na,599.2,263.8315576
'24-Mar-2014 06:00:00',na,580,273.5478629
'24-Mar-2014 07:00:00',na,565.5,275.1069344
'24-Mar-2014 08:00:00',na,557.8333333,271.694072
'24-Mar-2014 09:00:00',na,533.8273809,263.146856
'24-Mar-2014 10:00:00',na,524.9642857,250.9341522
'24-Mar-2014 11:00:00',na,517.8214286,283.7683071
'24-Mar-2014 12:00:00',na,510.6785714,291.3128358
'24-Mar-2014 13:00:00',na,498,287.9337303
'24-Mar-2014 14:00:00',na,491,284.0853642
'24-Mar-2014 15:00:00',na,473.1875,278.6711625
'24-Mar-2014 16:00:00',na,465.6875,271.3511166
'24-Mar-2014 17:00:00',na,458.1875,264.3888071
'24-Mar-2014 18:00:00',na,450.6875,257.6395985
'24-Mar-2014 19:00:00',na,444.196995,252.0885265
'24-Mar-2014 20:00:00',na,437.7762346,241.2477083
'24-Mar-2014 21:00:00',na,429.9984568,245.5360383
'24-Mar-2014 22:00:00',na,422.220679,278.983792
'24-Mar-2014 23:00:00',na,414.4429012,280.5021063
'25-Mar-2014 00:00:00',na,406.926075,280.4004784
'25-Mar-2014 01:00:00',na,400.7449245,276.3682827
'25-Mar-2014 02:00:00',na,394.7480479,273.5921595
'25-Mar-2014 03:00:00',na,380.0447248,270.3073954
'25-Mar-2014 04:00:00',na,369.3761468,266.7127121
'25-Mar-2014 05:00:00',na,364.0917431,262.4870303
'25-Mar-2014 06:00:00',na,358.8073394,257.6783716
'25-Mar-2014 07:00:00',na,353.5229358,252.0873066
'25-Mar-2014 08:00:00',na,348.2385321,246.7353559
'25-Mar-2014 09:00:00',na,343.6011561,242.0804919
'25-Mar-2014 10:00:00',na,329,238.9859808
'25-Mar-2014 11:00:00',na,325,236.6163139
'25-Mar-2014 12:00:00',na,325,235.4224655
'25-Mar-2014 13:00:00',na,325,234.4162681
'25-Mar-2014 14:00:00',na,323.5072977,233.080246
'25-Mar-2014 15:00:00',na,321.1189739,233.1264228
'25-Mar-2014 16:00:00',na,318.7306501,233.0277292
'25-Mar-2014 17:00:00',na,316.3423264,234.1961834
'25-Mar-2014 18:00:00',na,313.9540026,238.9561949
'25-Mar-2014 19:00:00',na,311.5656789,256.2954997
'25-Mar-2014 20:00:00',na,309.1773551,279.7158214
'25-Mar-2014 21:00:00',na,306.7890314,281.147472
'25-Mar-2014 22:00:00',na,304.4007076,277.8659972
'25-Mar-2014 23:00:00',na,302.0123839,277.6888641
'26-Mar-2014 00:00:00',na,299.6240601,276.0365231
'26-Mar-2014 01:00:00',na,297.2357364,273.5047779
'26-Mar-2014 02:00:00',na,294.7330693,270.8692463
'26-Mar-2014 03:00:00',na,291.6839827,268.5952528
'26-Mar-2014 04:00:00',na,288.5670996,262.7757902
'26-Mar-2014 05:00:00',na,285.4502164,254.8278481
'26-Mar-2014 06:00:00',na,282.3333333,246.0246598
'26-Mar-2014 07:00:00',na,279.2164502,230.165535
'26-Mar-2014 08:00:00',na,276.0995671,236.4217172
'26-Mar-2014 09:00:00',na,272.982684,262.4042127
'26-Mar-2014 10:00:00',na,269.8658009,270.0132893
'26-Mar-2014 11:00:00',na,266.7489177,263.0587278
'26-Mar-2014 12:00:00',na,263.6320346,257.4442442
'26-Mar-2014 13:00:00',na,260.5151515,254.3877882
'26-Mar-2014 14:00:00',na,257.3982684,250.6918872
'26-Mar-2014 15:00:00',na,254.2813853,246.2452912
'26-Mar-2014 16:00:00',na,251.16867,248.5388715
'26-Mar-2014 17:00:00',na,255.5663741,275.413089
'26-Mar-2014 18:00:00',na,264.452825,293.5541695
'26-Mar-2014 19:00:00',na,273.3392759,298.3751462
'26-Mar-2014 20:00:00',na,282.2257268,309.4288171
'26-Mar-2014 21:00:00',na,291.1121777,310.8101659
'26-Mar-2014 22:00:00',na,309.3333333,313.4806738
'26-Mar-2014 23:00:00',na,333.4281046,322.2660927
'27-Mar-2014 00:00:00',na,340.8823529,323.2516606
'27-Mar-2014 01:00:00',na,344.1764706,316.070425
'27-Mar-2014 02:00:00',na,347.4705882,314.5898761
'27-Mar-2014 03:00:00',na,350.7647059,314.3498203
'27-Mar-2014 04:00:00',na,347.3289474,312.5430563
'27-Mar-2014 05:00:00',na,339.8552632,310.5003441
'27-Mar-2014 06:00:00',na,332.381579,307.265016
'27-Mar-2014 07:00:00',na,324.9078948,304.5970508
'27-Mar-2014 08:00:00',na,317.4342105,302.1096845
'27-Mar-2014 09:00:00',na,309.9605263,297.6118254
'27-Mar-2014 10:00:00',na,302.4868421,291.3914109
'27-Mar-2014 11:00:00',na,295.0131579,279.856223
'27-Mar-2014 12:00:00',na,287.5394737,256.1986958
'27-Mar-2014 13:00:00',na,282.2171053,286.2884333
'27-Mar-2014 14:00:00',na,285.5,295.046757
'27-Mar-2014 15:00:00',na,291.3314978,307.0686849
'27-Mar-2014 16:00:00',na,319.1409692,323.7170496
'27-Mar-2014 17:00:00',na,352.444934,341.4673401
'27-Mar-2014 18:00:00',na,402.5720757,368.5231259
'27-Mar-2014 19:00:00',na,486.2714044,420.9536963
'27-Mar-2014 20:00:00',na,571.2499999,448.7989612
'27-Mar-2014 21:00:00',na,624.3749999,437.8817149
'27-Mar-2014 22:00:00',na,640,423.9992544
'27-Mar-2014 23:00:00',na,652.5,411.2989614
'28-Mar-2014 00:00:00',na,644.75,398.3802585
'28-Mar-2014 01:00:00',na,629,385.3038629
'28-Mar-2014 02:00:00',na,622.5,376.6497146
'28-Mar-2014 03:00:00',na,605.2722107,368.5466852
'28-Mar-2014 04:00:00',na,577.9514463,357.7283043
'28-Mar-2014 05:00:00',na,547.8274793,347.803217
'28-Mar-2014 06:00:00',na,529.038961,340.6625584
'28-Mar-2014 07:00:00',na,497.9875,332.1029916
'28-Mar-2014 08:00:00',na,479.925,316.8698491
'28-Mar-2014 09:00:00',na,458.525,304.0143643
'28-Mar-2014 10:00:00',na,437.125,303.8843936
'28-Mar-2014 11:00:00',na,415.725,285.9925121
'28-Mar-2014 12:00:00',na,398.0875,299.8827092
'28-Mar-2014 13:00:00',na,395.5,302.421479
'28-Mar-2014 14:00:00',na,396.8524096,305.4417085
'28-Mar-2014 15:00:00',na,431.6593917,328.0042167
'28-Mar-2014 16:00:00',na,511.9482312,362.8815977
'28-Mar-2014 17:00:00',na,650.3859648,423.6991933
'28-Mar-2014 18:00:00',na,804.5357143,546.1893378
'28-Mar-2014 19:00:00',na,920.25,558.6814796
'28-Mar-2014 20:00:00',na,994.375,557.6337739
'28-Mar-2014 21:00:00',na,1024.8125,546.437818
'28-Mar-2014 22:00:00',na,1040.625,508.5061286
'28-Mar-2014 23:00:00',na,1036.5,475.9728651
'29-Mar-2014 00:00:00',na,1026.5,453.5974793
'29-Mar-2014 01:00:00',na,1002.75,435.5441775
'29-Mar-2014 02:00:00',na,978.25,421.2068853
'29-Mar-2014 03:00:00',na,936.5,408.1400783
'29-Mar-2014 04:00:00',na,894.75,395.2072712
'29-Mar-2014 05:00:00',na,853.0000001,385.8213205
'29-Mar-2014 06:00:00',na,808.375,379.8911722
'29-Mar-2014 07:00:00',na,749.25,371.7057301
'29-Mar-2014 08:00:00',na,671.7071918,362.359452
'29-Mar-2014 09:00:00',na,644.4305645,355.2481851
'29-Mar-2014 10:00:00',na,607.125,348.500014
'29-Mar-2014 11:00:00',na,578.4285714,343.7535998
'29-Mar-2014 12:00:00',na,557.0714285,337.1222882
'29-Mar-2014 13:00:00',na,544,329.8572247
'29-Mar-2014 14:00:00',na,555,331.7230955
'29-Mar-2014 15:00:00',na,610.0304568,351.1739002
'29-Mar-2014 16:00:00',na,777.2957393,385.0261502
'29-Mar-2014 17:00:00',na,987.75,542.266953
'29-Mar-2014 18:00:00',na,1173.25,593.9473016
'29-Mar-2014 19:00:00',na,1282.75,605.0430457
'29-Mar-2014 20:00:00',na,1316.875,600.5234021
'29-Mar-2014 21:00:00',na,1319.375,588.2006547
'29-Mar-2014 22:00:00',na,1281.3,573.1752662
'29-Mar-2014 23:00:00',na,1223.641964,557.2052456
'30-Mar-2014 00:00:00',na,1181.5,542.4748345
'30-Mar-2014 01:00:00',na,1132.5,493.3888774
'30-Mar-2014 02:00:00',na,1088,471.8125256
'30-Mar-2014 03:00:00',na,1060.25,456.0433687
'30-Mar-2014 04:00:00',na,1025.15625,442.2688393
'30-Mar-2014 05:00:00',na,975.7,430.7006104
'30-Mar-2014 06:00:00',na,941.4500001,418.4897802
'30-Mar-2014 07:00:00',na,908.625,408.4498424
'30-Mar-2014 08:00:00',na,880.125,398.9678843
'30-Mar-2014 09:00:00',na,848.25,391.6625701
'30-Mar-2014 10:00:00',na,822.25,386.3345555
'30-Mar-2014 11:00:00',na,781.0833333,379.6731407
'30-Mar-2014 12:00:00',na,745.6666667,372.2006219
'30-Mar-2014 13:00:00',na,733.5,368.8847204
'30-Mar-2014 14:00:00',na,745.0159574,378.2633914
'30-Mar-2014 15:00:00',na,858.6462264,402.0283513
'30-Mar-2014 16:00:00',na,1069.641221,481.4721214
'30-Mar-2014 17:00:00',na,1309.732699,569.3696392
'30-Mar-2014 18:00:00',na,1492,607.5548411
'30-Mar-2014 19:00:00',na,1560.625,622.508252
'30-Mar-2014 20:00:00',na,1597.75,616.7747753
'30-Mar-2014 21:00:00',na,1584,601.9654456
'30-Mar-2014 22:00:00',na,1503.25,582.8780871
'30-Mar-2014 23:00:00',na,1399,565.525452
'31-Mar-2014 00:00:00',na,1372.125,551.2165225
'31-Mar-2014 01:00:00',na,1314.25,522.0268063
'31-Mar-2014 02:00:00',na,1272.25,486.7602185
'31-Mar-2014 03:00:00',na,1202.1875,468.5712313
'31-Mar-2014 04:00:00',na,1164,451.9082912
'31-Mar-2014 05:00:00',na,1139.45,438.3335578
'31-Mar-2014 06:00:00',na,1090.3,426.2251354
'31-Mar-2014 07:00:00',na,1063.088608,416.2600993
'31-Mar-2014 08:00:00',na,1014.177215,407.5289611
'31-Mar-2014 09:00:00',na,992.2,400.8085874
'31-Mar-2014 10:00:00',na,954.8,393.4300034
'31-Mar-2014 11:00:00',na,940.75,386.592622
'31-Mar-2014 12:00:00',na,919.75,383.5053203
'31-Mar-2014 13:00:00',na,919.75,384.047398
'31-Mar-2014 14:00:00',na,970,394.3155822
'31-Mar-2014 15:00:00',na,1131.5,439.1925932
'31-Mar-2014 16:00:00',na,1402.375,514.2000879
'31-Mar-2014 17:00:00',na,1674.986364,577.3001019
'31-Mar-2014 18:00:00',na,1800.75,606.2334303
'31-Mar-2014 19:00:00',na,1874.625,615.4359805
'31-Mar-2014 20:00:00',na,1867.5,607.6584695
'31-Mar-2014 21:00:00',na,1816.25,591.4135278
'31-Mar-2014 22:00:00',na,1699.375,572.7542399
'31-Mar-2014 23:00:00',na,1572.625,555.1136537
'01-Apr-2014 00:00:00',na,1341.875,533.6575848
'01-Apr-2014 01:00:00',na,1261,490.6469921
'01-Apr-2014 02:00:00',na,1199.875,470.3029928
'01-Apr-2014 03:00:00',na,1146.5,452.4425516
'01-Apr-2014 04:00:00',na,1094.75,439.3183631
'01-Apr-2014 05:00:00',na,1081,426.2827618
'01-Apr-2014 06:00:00',na,1052,416.164689
'01-Apr-2014 07:00:00',na,1009.178398,407.4005178
'01-Apr-2014 08:00:00',na,970.75,399.7297546
'01-Apr-2014 09:00:00',na,958.25,392.8624529
'01-Apr-2014 10:00:00',na,941.75,385.9886684
'01-Apr-2014 11:00:00',na,897.9285714,380.7842212
'01-Apr-2014 12:00:00',na,893.8173913,378.4300414
'01-Apr-2014 13:00:00',na,898.5,383.2486595
'01-Apr-2014 14:00:00',na,992.6818182,413.6503551
'01-Apr-2014 15:00:00',na,1211.75,461.164244
'01-Apr-2014 16:00:00',na,1571.625,557.3385334
'01-Apr-2014 17:00:00',na,1793.25,599.9538726
'01-Apr-2014 18:00:00',na,1969.125,624.8973485
'01-Apr-2014 19:00:00',na,2032.5,624.7262401
'01-Apr-2014 20:00:00',na,2024,613.9218554
'01-Apr-2014 21:00:00',na,1981,599.725042
'01-Apr-2014 22:00:00',na,1869.5,583.9327116
'01-Apr-2014 23:00:00',na,1730,568.650673
'02-Apr-2014 00:00:00',na,1586.125,554.1136883
'02-Apr-2014 01:00:00',na,1451,533.5136182
'02-Apr-2014 02:00:00',na,1337.791667,493.4850612
'02-Apr-2014 03:00:00',na,1255.833333,475.3908772
'02-Apr-2014 04:00:00',na,1198.214286,458.1040179
'02-Apr-2014 05:00:00',na,1173.285714,443.0070562
'02-Apr-2014 06:00:00',na,1128.4375,432.1124293
'02-Apr-2014 07:00:00',na,1094,421.4523367
'02-Apr-2014 08:00:00',na,1054,411.8635935
'02-Apr-2014 09:00:00',na,1019.436515,404.2827884
'02-Apr-2014 10:00:00',na,984.0357143,397.4123356
'02-Apr-2014 11:00:00',na,964.2142858,389.2251758
'02-Apr-2014 12:00:00',na,952.75,390.5285996
'02-Apr-2014 13:00:00',na,1033.5,414.9771288
'02-Apr-2014 14:00:00',na,1290.683206,465.1654321
'02-Apr-2014 15:00:00',na,1746.071006,554.4915925
'02-Apr-2014 16:00:00',na,2049.25,603.853317
'02-Apr-2014 17:00:00',na,2242.625,639.8901629
'02-Apr-2014 18:00:00',na,2266.25,641.418149
'02-Apr-2014 19:00:00',na,2233.5,624.6701951
'02-Apr-2014 20:00:00',na,2121.2,607.99483
'02-Apr-2014 21:00:00',na,1943.3,582.989571
'02-Apr-2014 22:00:00',na,1767.5,563.8505927
'02-Apr-2014 23:00:00',na,1595.5,547.7500095
'03-Apr-2014 00:00:00',na,1448.435233,509.4597057
'03-Apr-2014 01:00:00',na,1328.684579,476.4204001
'03-Apr-2014 02:00:00',na,1258.75,456.0396121
'03-Apr-2014 03:00:00',na,1182,438.3925043
'03-Apr-2014 04:00:00',na,1136,426.0324903
'03-Apr-2014 05:00:00',na,1108,413.6764394
'03-Apr-2014 06:00:00',na,1068,404.6789194
'03-Apr-2014 07:00:00',na,1027.5,397.398929
'03-Apr-2014 08:00:00',na,998,389.4467913
'03-Apr-2014 09:00:00',na,967.75,382.8767358
'03-Apr-2014 10:00:00',na,949.5,377.4369224
'03-Apr-2014 11:00:00',na,922.375,371.842217
'03-Apr-2014 12:00:00',na,926.75,371.6834633
'03-Apr-2014 13:00:00',na,936,383.8919725
'03-Apr-2014 14:00:00',na,981.5833334,403.5647092
'03-Apr-2014 15:00:00',na,1049.666667,423.3973449
'03-Apr-2014 16:00:00',na,1105,446.8517901
'03-Apr-2014 17:00:00',na,1130.642857,464.1706337
'03-Apr-2014 18:00:00',na,1139.6,475.2372568
'03-Apr-2014 19:00:00',na,1141.9,477.0022859
'03-Apr-2014 20:00:00',na,1122,474.2759294
'03-Apr-2014 21:00:00',na,1116,464.6278932
'03-Apr-2014 22:00:00',na,1089,452.1886903
'03-Apr-2014 23:00:00',na,1064,437.4181858
'04-Apr-2014 00:00:00',na,1029.666667,425.8595037
'04-Apr-2014 01:00:00',na,1014.375,415.0531957
'04-Apr-2014 02:00:00',na,982.25,404.3692683
'04-Apr-2014 03:00:00',na,956.5,396.8275042
'04-Apr-2014 04:00:00',na,930.25,389.8285664
'04-Apr-2014 05:00:00',na,907.5,382.3099535
'04-Apr-2014 06:00:00',na,885.625,376.1695166
'04-Apr-2014 07:00:00',na,872.875,369.6619669
'04-Apr-2014 08:00:00',na,848.25,364.1792163
'04-Apr-2014 09:00:00',na,838.6789668,358.3022592
'04-Apr-2014 10:00:00',na,814.5833333,354.0758698
'04-Apr-2014 11:00:00',na,804.9166667,349.7360704
'04-Apr-2014 12:00:00',na,777,343.651168
'04-Apr-2014 13:00:00',na,783,338.7496224
'04-Apr-2014 14:00:00',na,798,339.6076619
'04-Apr-2014 15:00:00',na,862.0909091,354.729903
'04-Apr-2014 16:00:00',na,988.9647304,395.8330878
'04-Apr-2014 17:00:00',na,1115,448.5385603
'04-Apr-2014 18:00:00',na,1190.5,495.7285481
'04-Apr-2014 19:00:00',na,1241.875,541.3793465
'04-Apr-2014 20:00:00',na,1231.75,539.1727027
'04-Apr-2014 21:00:00',na,1243,507.6636095
'04-Apr-2014 22:00:00',na,1217.125,480.0083146
'04-Apr-2014 23:00:00',na,1160.875,458.9990685
'05-Apr-2014 00:00:00',na,1119.625,440.1763427
'05-Apr-2014 01:00:00',na,1080,425.4611233
'05-Apr-2014 02:00:00',na,1065,412.1310806
'05-Apr-2014 03:00:00',na,1020.625,400.7521511
'05-Apr-2014 04:00:00',na,979.5,392.5581988
'05-Apr-2014 05:00:00',na,960.4032738,383.7675699
'05-Apr-2014 06:00:00',na,929.0833333,375.730595
'05-Apr-2014 07:00:00',na,910.125,369.0705395
'05-Apr-2014 08:00:00',na,881.875,363.280228
'05-Apr-2014 09:00:00',na,854.5,357.4697675
'05-Apr-2014 10:00:00',na,839.5,352.8678082
'05-Apr-2014 11:00:00',na,825.75,348.0102157
'05-Apr-2014 12:00:00',na,804.8,344.764071
'05-Apr-2014 13:00:00',na,822.7,344.9813716
'05-Apr-2014 14:00:00',na,876.625,357.7507101
'05-Apr-2014 15:00:00',na,975.375,410.3722138
'05-Apr-2014 16:00:00',na,1088.116883,458.6343845
'05-Apr-2014 17:00:00',na,1188.196624,489.7914698
'05-Apr-2014 18:00:00',na,1299.025,532.4146268
'05-Apr-2014 19:00:00',na,1456.225,552.6542863
'05-Apr-2014 20:00:00',na,1537.25,556.8412485
'05-Apr-2014 21:00:00',na,1541.375,555.2653299
'05-Apr-2014 22:00:00',na,1508.625,551.6105024
'05-Apr-2014 23:00:00',na,1481,545.7134782
'06-Apr-2014 00:00:00',na,1441.5,521.7698034
'06-Apr-2014 01:00:00',na,1340.5,493.7354241
'06-Apr-2014 02:00:00',na,1274.5,478.8298334
'06-Apr-2014 03:00:00',na,1229.5,465.8976805
'06-Apr-2014 04:00:00',na,1216,455.6789022
'06-Apr-2014 05:00:00',na,1216,446.9401533
'06-Apr-2014 06:00:00',na,1216,440.6075816
'06-Apr-2014 07:00:00',na,1216,434.113521
'06-Apr-2014 08:00:00',na,1216,427.6203337
'06-Apr-2014 09:00:00',na,1216,419.3309051
'06-Apr-2014 10:00:00',na,1216,410.5924461
'06-Apr-2014 11:00:00',na,1216,407.1611254
'06-Apr-2014 12:00:00',na,1216,417.8767306
'06-Apr-2014 13:00:00',na,1286.125,438.1674712
'06-Apr-2014 14:00:00',na,1360,461.7929526
'06-Apr-2014 15:00:00',na,1459.25,491.2445025
'06-Apr-2014 16:00:00',na,1577.375,545.7970277
'06-Apr-2014 17:00:00',na,1687.25,569.3070827
'06-Apr-2014 18:00:00',na,1828.375,592.1986149
'06-Apr-2014 19:00:00',na,1889.75,606.4187914
'06-Apr-2014 20:00:00',na,1919.5,601.8634958
'06-Apr-2014 21:00:00',na,1898.698953,591.373562
'06-Apr-2014 22:00:00',na,1790.397906,576.2570666
'06-Apr-2014 23:00:00',na,1678.25,560.3484712
'07-Apr-2014 00:00:00',na,1535.875,545.6989485
'07-Apr-2014 01:00:00',na,1423.25,506.5134177
'07-Apr-2014 02:00:00',na,1298.25,476.4780211
'07-Apr-2014 03:00:00',na,1238.5,456.8044101
'07-Apr-2014 04:00:00',na,1168.25,437.7998497
'07-Apr-2014 05:00:00',na,1128.625,424.0145321
'07-Apr-2014 06:00:00',na,1078,409.8045889
'07-Apr-2014 07:00:00',na,1057.125,399.651945
'07-Apr-2014 08:00:00',na,1023.5,390.2028563
'07-Apr-2014 09:00:00',na,965.75,381.6377943
'07-Apr-2014 10:00:00',na,964.8333333,374.6486342
'07-Apr-2014 11:00:00',na,936.6666667,369.7484736
'07-Apr-2014 12:00:00',na,935.5,373.3281457
'07-Apr-2014 13:00:00',na,1036.5,409.1465801
'07-Apr-2014 14:00:00',na,1401.300072,464.6682277
'07-Apr-2014 15:00:00',na,1961,559.8378405
'07-Apr-2014 16:00:00',na,2303.722809,614.8313363
'07-Apr-2014 17:00:00',na,2554.666667,634.9572597
'07-Apr-2014 18:00:00',na,2744.583333,638.1481408
'07-Apr-2014 19:00:00',na,2681.25,628.8491421
'07-Apr-2014 20:00:00',na,2490.75,609.0114093
'07-Apr-2014 21:00:00',na,2331.5,596.2154558
'07-Apr-2014 22:00:00',na,2124.4375,581.5026509
'07-Apr-2014 23:00:00',na,1937.004499,567.3915785
'08-Apr-2014 00:00:00',na,1775.686047,551.5437501
'08-Apr-2014 01:00:00',na,1601.5,531.1081382
'08-Apr-2014 02:00:00',na,1444.25,491.2768127
'08-Apr-2014 03:00:00',na,1319,472.0824731
'08-Apr-2014 04:00:00',na,1255.9,456.174277
'08-Apr-2014 05:00:00',na,1184.35,441.6245964
'08-Apr-2014 06:00:00',na,1150.5,430.8624051
'08-Apr-2014 07:00:00',na,1105,422.3599804
'08-Apr-2014 08:00:00',na,1090,418.1837176
'08-Apr-2014 09:00:00',na,1074,417.3573508
'08-Apr-2014 10:00:00',na,1067,427.0260175
'08-Apr-2014 11:00:00',na,1125.75,460.4495028
'08-Apr-2014 12:00:00',na,1326.932432,536.222666
'08-Apr-2014 13:00:00',na,1815.25,595.0097405
'08-Apr-2014 14:00:00',na,2141,617.7036403
'08-Apr-2014 15:00:00',na,2478.5,631.4924374
'08-Apr-2014 16:00:00',na,2748.718272,645.1853216
'08-Apr-2014 17:00:00',na,2994.5,669.9376393
'08-Apr-2014 18:00:00',na,3279.855872,705.9399942
'08-Apr-2014 19:00:00',na,3502.230872,780.1725751
'08-Apr-2014 20:00:00',na,3408.614786,792.6212048
'08-Apr-2014 21:00:00',na,3096.375,747.2363023
'08-Apr-2014 22:00:00',na,2623.375,684.2819567
'08-Apr-2014 23:00:00',na,2343.5,626.5590084
'09-Apr-2014 00:00:00',na,2093.22299,593.7736224
'09-Apr-2014 01:00:00',na,1889.5,572.162899
'09-Apr-2014 02:00:00',na,1691,550.7485522
'09-Apr-2014 03:00:00',na,1512.875,519.7256046
'09-Apr-2014 04:00:00',na,1385.866883,481.5861484
'09-Apr-2014 05:00:00',na,1261,462.2134133
'09-Apr-2014 06:00:00',na,1182.494186,443.9098243
'09-Apr-2014 07:00:00',na,1115.616279,429.0961213
'09-Apr-2014 08:00:00',na,1088.615385,416.6396857
'09-Apr-2014 09:00:00',na,1048,406.8450949
'09-Apr-2014 10:00:00',na,1007.384615,397.0271552
'09-Apr-2014 11:00:00',na,988.1874999,387.6076033
'09-Apr-2014 12:00:00',na,953.1875,384.3584487
'09-Apr-2014 13:00:00',na,935.4999999,377.8626949
'09-Apr-2014 14:00:00',na,928.5,375.0342057
'09-Apr-2014 15:00:00',na,909.25,378.6506894
'09-Apr-2014 16:00:00',na,938.125,387.3081156
'09-Apr-2014 17:00:00',na,987.25,400.6797722
'09-Apr-2014 18:00:00',na,1042,416.4329202
'09-Apr-2014 19:00:00',na,1068,428.6236432
'09-Apr-2014 20:00:00',na,1082,431.3016035
'09-Apr-2014 21:00:00',na,1072,425.4185708
'09-Apr-2014 22:00:00',na,1054,416.3857986
'09-Apr-2014 23:00:00',na,1036.75,405.592823
'10-Apr-2014 00:00:00',na,1001.785714,395.6065973
'10-Apr-2014 01:00:00',na,993.2142857,387.4032819
'10-Apr-2014 02:00:00',na,954.7083333,380.3149247
'10-Apr-2014 03:00:00',na,934.0416667,373.0337518
'10-Apr-2014 04:00:00',na,915.0833333,367.0217567
'10-Apr-2014 05:00:00',na,910.3666667,362.378503
'10-Apr-2014 06:00:00',na,878.05,358.9545171
'10-Apr-2014 07:00:00',na,876.25,355.0722141
'10-Apr-2014 08:00:00',na,848.5,351.1029686
'10-Apr-2014 09:00:00',na,827.5,345.7341225
'10-Apr-2014 10:00:00',na,812.75,342.8221103
'10-Apr-2014 11:00:00',na,807,341.4118296
'10-Apr-2014 12:00:00',na,783,337.5157634
'10-Apr-2014 13:00:00',na,763.75,333.7866832
'10-Apr-2014 14:00:00',na,748.9375,329.6872373
'10-Apr-2014 15:00:00',na,737.0208333,325.5268621
'10-Apr-2014 16:00:00',na,733.1666667,322.9371729
'10-Apr-2014 17:00:00',na,740.625,325.4178106
'10-Apr-2014 18:00:00',na,747.25,329.4074572
'10-Apr-2014 19:00:00',na,780.875,336.5182685
'10-Apr-2014 20:00:00',na,806.625,342.4817473
'10-Apr-2014 21:00:00',na,845.25,348.6509793
'10-Apr-2014 22:00:00',na,855,358.285296
'10-Apr-2014 23:00:00',na,858,365.5543507
'11-Apr-2014 00:00:00',na,857.375,365.6438009
'11-Apr-2014 01:00:00',na,861.5,362.6394504
'11-Apr-2014 02:00:00',na,843.625,359.1650603
'11-Apr-2014 03:00:00',na,831.5992201,355.6680803
'11-Apr-2014 04:00:00',na,819.0992201,351.8379635
'11-Apr-2014 05:00:00',na,808.625,347.0846768
'11-Apr-2014 06:00:00',na,789,342.8430426
'11-Apr-2014 07:00:00',na,781.5,340.0546127
'11-Apr-2014 08:00:00',na,771.6052632,336.7743344
'11-Apr-2014 09:00:00',na,762.9736842,332.9934934
'11-Apr-2014 10:00:00',na,754.3421053,326.7681423
'11-Apr-2014 11:00:00',na,745.7105263,322.0959792
'11-Apr-2014 12:00:00',na,731.868421,319.0532953
'11-Apr-2014 13:00:00',na,774.4375,328.3278108
'11-Apr-2014 14:00:00',na,935.9375,345.3754031
'11-Apr-2014 15:00:00',na,1230.652625,432.9728299
'11-Apr-2014 16:00:00',na,1633.885174,536.3761793
'11-Apr-2014 17:00:00',na,1989.5,578.905666
'11-Apr-2014 18:00:00',na,2177.5,587.2990073
'11-Apr-2014 19:00:00',na,2120.526888,579.3432824
'11-Apr-2014 20:00:00',na,1999.572088,561.4290137
'11-Apr-2014 21:00:00',na,1825.25,542.7001151
'11-Apr-2014 22:00:00',na,1667,489.8885477
'11-Apr-2014 23:00:00',na,1482.625,462.0445013
'12-Apr-2014 00:00:00',na,1331.375,438.5891936
'12-Apr-2014 01:00:00',na,1228.3,421.2357339
'12-Apr-2014 02:00:00',na,1157.825,406.9364556
'12-Apr-2014 03:00:00',na,1090.552791,395.7644508
'12-Apr-2014 04:00:00',na,1044.0625,387.3630049
'12-Apr-2014 05:00:00',na,1014,379.5500056
'12-Apr-2014 06:00:00',na,998.25,372.4190779
'12-Apr-2014 07:00:00',na,967.5,370.0580628
'12-Apr-2014 08:00:00',na,945.125,364.2882164
'12-Apr-2014 09:00:00',na,925.875,360.9860463
'12-Apr-2014 10:00:00',na,930.25,361.6721904
'12-Apr-2014 11:00:00',na,940.75,365.1964804
'12-Apr-2014 12:00:00',na,954.7437239,374.5739951
'12-Apr-2014 13:00:00',na,1008.410083,399.8435935
'12-Apr-2014 14:00:00',na,1108.753275,436.4765837
'12-Apr-2014 15:00:00',na,1515.744739,503.9771101
'12-Apr-2014 16:00:00',na,2007,551.9027068
'12-Apr-2014 17:00:00',na,2320,564.4021193
'12-Apr-2014 18:00:00',na,2457,566.8797796
'12-Apr-2014 19:00:00',na,2378.264228,566.3706251
'12-Apr-2014 20:00:00',na,2221.208333,561.4199542
'12-Apr-2014 21:00:00',na,2035.5,552.5007076
'12-Apr-2014 22:00:00',na,1875.25,540.2689328
'12-Apr-2014 23:00:00',na,1707.75,492.7975483
'13-Apr-2014 00:00:00',na,1530.75,471.6682248
'13-Apr-2014 01:00:00',na,1397.25,455.8620205
'13-Apr-2014 02:00:00',na,1312.625,445.8056479
'13-Apr-2014 03:00:00',na,1264.375,441.6480505
'13-Apr-2014 04:00:00',na,1240.75,443.0071491
'13-Apr-2014 05:00:00',na,1318.625,448.8518119
'13-Apr-2014 06:00:00',na,1503.834158,528.5073433
'13-Apr-2014 07:00:00',na,1578.5,555.8022131
'13-Apr-2014 08:00:00',na,1579.875,565.3830896
'13-Apr-2014 09:00:00',na,1599.125,570.184092
'13-Apr-2014 10:00:00',na,1582.625,566.4654248
'13-Apr-2014 11:00:00',na,1503.625,553.7566596
'13-Apr-2014 12:00:00',na,1414.375,542.978668
'13-Apr-2014 13:00:00',na,1394,536.3380807
'13-Apr-2014 14:00:00',na,1458,539.0297449
'13-Apr-2014 15:00:00',na,1673.75,552.4232008
'13-Apr-2014 16:00:00',na,1795.8125,566.619815
'13-Apr-2014 17:00:00',na,1864.8125,569.0304909
'13-Apr-2014 18:00:00',na,1921.25,565.0404615
'13-Apr-2014 19:00:00',na,1933.75,558.5094559
'13-Apr-2014 20:00:00',na,1922.625,552.2891273
'13-Apr-2014 21:00:00',na,1867.25,545.1151285
'13-Apr-2014 22:00:00',na,1777.6875,527.4643891
'13-Apr-2014 23:00:00',na,1654.8625,486.4427491
'14-Apr-2014 00:00:00',na,1467.761539,465.9544459
'14-Apr-2014 01:00:00',na,1331.125,448.1551257
'14-Apr-2014 02:00:00',na,1235.125,433.033151
'14-Apr-2014 03:00:00',na,1175,419.6698538
'14-Apr-2014 04:00:00',na,1110.375,408.348494
'14-Apr-2014 05:00:00',na,1072,397.71998
'14-Apr-2014 06:00:00',na,1022,389.8375203
'14-Apr-2014 07:00:00',na,1008.625,383.3034167
'14-Apr-2014 08:00:00',na,977.5882354,374.5243294
'14-Apr-2014 09:00:00',na,946.5294118,368.3829917
'14-Apr-2014 10:00:00',na,915.4705883,365.1727712
'14-Apr-2014 11:00:00',na,884.4117647,360.6309712
'14-Apr-2014 12:00:00',na,882.875,356.7321208
'14-Apr-2014 13:00:00',na,904.25,357.0751457
'14-Apr-2014 14:00:00',na,1017.671825,391.0192383
'14-Apr-2014 15:00:00',na,1366.557895,439.3129317
'14-Apr-2014 16:00:00',na,1762.25,485.3959054
'14-Apr-2014 17:00:00',na,1832.25,497.8659334
'14-Apr-2014 18:00:00',na,1811.5,492.631235
'14-Apr-2014 19:00:00',na,1722.75,479.3178515
'14-Apr-2014 20:00:00',na,1571.185665,465.664347
'14-Apr-2014 21:00:00',na,1436.375,452.0454288
'14-Apr-2014 22:00:00',na,1306.471805,438.2821356
'14-Apr-2014 23:00:00',na,1213.721805,423.3859364
'15-Apr-2014 00:00:00',na,1148.5,410.3210637
'15-Apr-2014 01:00:00',na,1094,397.0418894
'15-Apr-2014 02:00:00',na,1042,388.0197717
'15-Apr-2014 03:00:00',na,1022.5,379.2203536
'15-Apr-2014 04:00:00',na,985.375,371.2490551
'15-Apr-2014 05:00:00',na,960.875,365.0735553
'15-Apr-2014 06:00:00',na,937.25,358.7662724
'15-Apr-2014 07:00:00',na,916.25,352.4477882
'15-Apr-2014 08:00:00',na,899.0714285,346.4642217
'15-Apr-2014 09:00:00',na,870.6785714,339.164705
'15-Apr-2014 10:00:00',na,865,332.7927429
'15-Apr-2014 11:00:00',na,843.25,324.5748003
'15-Apr-2014 12:00:00',na,826.625,313.3362881
'15-Apr-2014 13:00:00',na,814.125,295.8548825
'15-Apr-2014 14:00:00',na,790.875,281.3762669
'15-Apr-2014 15:00:00',na,790.5,277.8074039
'15-Apr-2014 16:00:00',na,784.8461539,274.0355927
'15-Apr-2014 17:00:00',na,774.1153846,273.3053421
'15-Apr-2014 18:00:00',na,771,274.019258
'15-Apr-2014 19:00:00',na,765.29402,274.3768237
'15-Apr-2014 20:00:00',na,770.25,278.010417
'15-Apr-2014 21:00:00',na,777.75,277.6312163
'15-Apr-2014 22:00:00',na,773.7007512,277.7466074
'15-Apr-2014 23:00:00',na,768.121176,277.8449389
'16-Apr-2014 00:00:00',na,750.9788942,277.7126237
'16-Apr-2014 01:00:00',na,745.375,277.4870293
'16-Apr-2014 02:00:00',na,733.5,276.1862508
'16-Apr-2014 03:00:00',na,714.1050167,274.0744395
'16-Apr-2014 04:00:00',na,711.6172199,269.9107996
'16-Apr-2014 05:00:00',na,707.125,269.4906193
'16-Apr-2014 06:00:00',na,692,269.198569
'16-Apr-2014 07:00:00',na,682.75,268.8608557
'16-Apr-2014 08:00:00',na,681.2857143,265.6591779
'16-Apr-2014 09:00:00',na,676.7142857,263.6013772
'16-Apr-2014 10:00:00',na,667.5714286,263.689916
'16-Apr-2014 11:00:00',na,658.4285714,263.5423433
'16-Apr-2014 12:00:00',na,644.5,260.2711732
'16-Apr-2014 13:00:00',na,648.625,258.4612655
'16-Apr-2014 14:00:00',na,642.0833333,260.7265528
'16-Apr-2014 15:00:00',na,632.9166667,255.9424654
'16-Apr-2014 16:00:00',na,640.25,261.2522415
'16-Apr-2014 17:00:00',na,664.375,259.883147
'16-Apr-2014 18:00:00',na,687.5,261.0576495
'16-Apr-2014 19:00:00',na,719.9375,261.2354771
'16-Apr-2014 20:00:00',na,730.6875,260.6128919
'16-Apr-2014 21:00:00',na,725.9,269.5025122
'16-Apr-2014 22:00:00',na,735.1,271.7593485
'16-Apr-2014 23:00:00',na,725.5454545,273.9293953
'17-Apr-2014 00:00:00',na,716.4465241,269.4162627
'17-Apr-2014 01:00:00',na,707.3529412,269.620939
'17-Apr-2014 02:00:00',na,699.8235294,269.5917305
'17-Apr-2014 03:00:00',na,677,264.2246932
'17-Apr-2014 04:00:00',na,669.75,264.3134658
'17-Apr-2014 05:00:00',na,671.2272727,262.199685
'17-Apr-2014 06:00:00',na,663.5909091,261.7916724
'17-Apr-2014 07:00:00',na,655.1818182,261.7423149
'17-Apr-2014 08:00:00',na,637.5,260.9390655
'17-Apr-2014 09:00:00',na,636.4166667,260.2852427
'17-Apr-2014 10:00:00',na,624.8333333,255.8466433
'17-Apr-2014 11:00:00',na,607.5,255.8466433
'17-Apr-2014 12:00:00',na,603.0625,256.0260936
'17-Apr-2014 13:00:00',na,584.5625,256.0260747
'17-Apr-2014 14:00:00',na,571.75,255.5474271
'17-Apr-2014 15:00:00',na,571.5625,255.4277054
'17-Apr-2014 16:00:00',na,610.8541667,255.6970572
'17-Apr-2014 17:00:00',na,689.8333332,255.6970509
'17-Apr-2014 18:00:00',na,796.3755981,256.9090142
'17-Apr-2014 19:00:00',na,881,272.5662971
'17-Apr-2014 20:00:00',na,908.375,316.8318634
'17-Apr-2014 21:00:00',na,947.75,358.9481126
'17-Apr-2014 22:00:00',na,942.5,353.3117231
'17-Apr-2014 23:00:00',na,931.53125,343.4745672
'18-Apr-2014 00:00:00',na,904.6875,332.092383
'18-Apr-2014 01:00:00',na,886.80625,318.7644814
'18-Apr-2014 02:00:00',na,860.6,295.3593614
'18-Apr-2014 03:00:00',na,840.25,277.6429013
'18-Apr-2014 04:00:00',na,815.875,271.6863143
'18-Apr-2014 05:00:00',na,786.75,265.6900418
'18-Apr-2014 06:00:00',na,761.5416667,264.7218394
'18-Apr-2014 07:00:00',na,740.5833333,259.0550354
'18-Apr-2014 08:00:00',na,725.25,259.0085345
'18-Apr-2014 09:00:00',na,707.5,260.673115
'18-Apr-2014 10:00:00',na,681,254.9842856
'18-Apr-2014 11:00:00',na,661.7857143,256.8587382
'18-Apr-2014 12:00:00',na,653.2142857,253.7735413
'18-Apr-2014 13:00:00',na,635.7142857,252.1854075
'18-Apr-2014 14:00:00',na,614.2857143,252.6969981
'18-Apr-2014 15:00:00',na,600.9166667,252.847406
'18-Apr-2014 16:00:00',na,593.25,252.847406
'18-Apr-2014 17:00:00',na,582,252.8173321
'18-Apr-2014 18:00:00',na,570.1607873,252.3961114
'18-Apr-2014 19:00:00',na,565.5843558,252.3660312
'18-Apr-2014 20:00:00',na,558.1530832,250.186221
'18-Apr-2014 21:00:00',na,557.9790453,245.3179577
'18-Apr-2014 22:00:00',na,549.1596314,248.8617294
'18-Apr-2014 23:00:00',na,535.9903846,249.3889769
'19-Apr-2014 00:00:00',na,525.3653846,248.6214229
'19-Apr-2014 01:00:00',na,521.0921946,248.6213556
'19-Apr-2014 02:00:00',na,513,248.5607433
'19-Apr-2014 03:00:00',na,503.1176471,243.5070006
'19-Apr-2014 04:00:00',na,493.5085534,243.629337
'19-Apr-2014 05:00:00',na,487.1785714,243.7516389
'19-Apr-2014 06:00:00',na,481.4479089,243.3846434
'19-Apr-2014 07:00:00',na,467.6450777,243.6598969
'19-Apr-2014 08:00:00',na,469.46875,243.629337
'19-Apr-2014 09:00:00',na,465.0625,243.5375881
'19-Apr-2014 10:00:00',na,458.8958333,236.3092911
'19-Apr-2014 11:00:00',na,452.7291667,246.3987164
'19-Apr-2014 12:00:00',na,446.5625,237.3546823
'19-Apr-2014 13:00:00',na,440.3958333,240.3010567
'19-Apr-2014 14:00:00',na,438.9211309,244.3956943
'19-Apr-2014 15:00:00',na,456.2142857,244.2711167
'19-Apr-2014 16:00:00',na,536.4843636,245.9603207
'19-Apr-2014 17:00:00',na,732.6458924,257.4354608
'19-Apr-2014 18:00:00',na,898.5,265.8331775
'19-Apr-2014 19:00:00',na,1010.625,373.8770416
'19-Apr-2014 20:00:00',na,1058.375,437.9186003
'19-Apr-2014 21:00:00',na,1082,435.1443064
'19-Apr-2014 22:00:00',na,1065,428.6434083
'19-Apr-2014 23:00:00',na,1047.375,416.4555768
'20-Apr-2014 00:00:00',na,1025.833333,406.7461233
'20-Apr-2014 01:00:00',na,998.7916667,396.2968295
'20-Apr-2014 02:00:00',na,958.3333333,386.3899822
'20-Apr-2014 03:00:00',na,932,376.1469359
'20-Apr-2014 04:00:00',na,902.25,368.2770182
'20-Apr-2014 05:00:00',na,884.5,361.8716181
'20-Apr-2014 06:00:00',na,854.25,356.704476
'20-Apr-2014 07:00:00',na,833.7406639,349.7104967
'20-Apr-2014 08:00:00',na,815.125,342.4278623
'20-Apr-2014 09:00:00',na,789,334.5728838
'20-Apr-2014 10:00:00',na,767.25,327.4365255
'20-Apr-2014 11:00:00',na,744.75,320.0415425
'20-Apr-2014 12:00:00',na,719.625,310.7603965
'20-Apr-2014 13:00:00',na,741.375,311.965341
'20-Apr-2014 14:00:00',na,828,338.9881518
'20-Apr-2014 15:00:00',na,947.5,400.4506662
'20-Apr-2014 16:00:00',na,1019.5,411.0806419
'20-Apr-2014 17:00:00',na,1039.625,407.6737713
'20-Apr-2014 18:00:00',na,1030,405.7344085
'20-Apr-2014 19:00:00',na,1045.6,409.5774222
'20-Apr-2014 20:00:00',na,1039.875,412.3662601
'20-Apr-2014 21:00:00',na,1037.0625,408.627812
'20-Apr-2014 22:00:00',na,1023.75,402.8403092
'20-Apr-2014 23:00:00',na,1011.375,393.9837694
'21-Apr-2014 00:00:00',na,997.25,387.5225886
'21-Apr-2014 01:00:00',na,967,378.3520916
'21-Apr-2014 02:00:00',na,936.375,369.5238043
'21-Apr-2014 03:00:00',na,931,362.5727149
'21-Apr-2014 04:00:00',na,900.5,355.9069982
'21-Apr-2014 05:00:00',na,892.125,348.7922188
'21-Apr-2014 06:00:00',na,866.375,343.3348301
'21-Apr-2014 07:00:00',na,831.6246736,334.515155
'21-Apr-2014 08:00:00',na,815.8120105,326.7581934
'21-Apr-2014 09:00:00',na,804.25,319.293193
'21-Apr-2014 10:00:00',na,785.3977462,307.7379083
'21-Apr-2014 11:00:00',na,771.7387312,294.9521948
'21-Apr-2014 12:00:00',na,770.25,284.8409019
'21-Apr-2014 13:00:00',na,801.75,287.792736
'21-Apr-2014 14:00:00',na,886.25,336.5439086
'21-Apr-2014 15:00:00',na,983,399.4005591
'21-Apr-2014 16:00:00',na,1052.5,420.7411401
'21-Apr-2014 17:00:00',na,1303.5,479.6978794
'21-Apr-2014 18:00:00',na,1880.740973,597.731796
'21-Apr-2014 19:00:00',na,2061.25,608.055118
'21-Apr-2014 20:00:00',na,2251.75,596.3593314
'21-Apr-2014 21:00:00',na,2863.5,664.9064991
'21-Apr-2014 22:00:00',na,3019.46875,751.7911269
'21-Apr-2014 23:00:00',na,2865.1875,745.021252
'22-Apr-2014 00:00:00',na,2541.125,682.9407639
'22-Apr-2014 01:00:00',na,2243,624.4528303
'22-Apr-2014 02:00:00',na,1974.992386,598.673775
'22-Apr-2014 03:00:00',na,1790.875,576.9344628
'22-Apr-2014 04:00:00',na,1609.75,558.3806511
'22-Apr-2014 05:00:00',na,1492,545.9608739
'22-Apr-2014 06:00:00',na,1375.875,520.9916084
'22-Apr-2014 07:00:00',na,1286.5,492.6102633
'22-Apr-2014 08:00:00',na,1242,477.834754
'22-Apr-2014 09:00:00',na,1180,461.7707971
'22-Apr-2014 10:00:00',na,1140.625,448.6318889
'22-Apr-2014 11:00:00',na,1102,439.0900962
'22-Apr-2014 12:00:00',na,1126.25,433.6188428
'22-Apr-2014 13:00:00',na,1208.5,440.3377778
'22-Apr-2014 14:00:00',na,1410.942128,466.184938
'22-Apr-2014 15:00:00',na,1592.466418,516.6077886
'22-Apr-2014 16:00:00',na,1653.5,551.7410546
'22-Apr-2014 17:00:00',na,1695.75,562.0356082
'22-Apr-2014 18:00:00',na,1759.6875,572.2320785
'22-Apr-2014 19:00:00',na,1882.5,579.4728243
'22-Apr-2014 20:00:00',na,1933.5625,577.6160252
'22-Apr-2014 21:00:00',na,1907.125,567.0570054
'22-Apr-2014 22:00:00',na,1822.25,551.8092075
'22-Apr-2014 23:00:00',na,1662.5,521.1912859
'23-Apr-2014 00:00:00',na,1476.875,485.3089179
'23-Apr-2014 01:00:00',na,1335.75,463.4160447
'23-Apr-2014 02:00:00',na,1250,446.4202572
'23-Apr-2014 03:00:00',na,1168.25,433.0097553
'23-Apr-2014 04:00:00',na,1122.25,419.7328757
'23-Apr-2014 05:00:00',na,1074,408.4346331
'23-Apr-2014 06:00:00',na,1036.25,399.5692308
'23-Apr-2014 07:00:00',na,1014.25,389.9635741
'23-Apr-2014 08:00:00',na,992.25,382.5101781
'23-Apr-2014 09:00:00',na,970.25,374.8836717
'23-Apr-2014 10:00:00',na,948.25,369.7855678
'23-Apr-2014 11:00:00',na,926.25,366.4614237
'23-Apr-2014 12:00:00',na,963.9583334,387.2029048
'23-Apr-2014 13:00:00',na,1100.666667,433.9297163
'23-Apr-2014 14:00:00',na,1458.586,492.5834867
'23-Apr-2014 15:00:00',na,1811.25,560.710783
'23-Apr-2014 16:00:00',na,2006.208637,581.764481
'23-Apr-2014 17:00:00',na,2145.75,584.7870007
'23-Apr-2014 18:00:00',na,2239.5,579.7868124
'23-Apr-2014 19:00:00',na,2285.5,574.6768426
'23-Apr-2014 20:00:00',na,2260.625,567.9087005
'23-Apr-2014 21:00:00',na,2096.375,554.7362257
'23-Apr-2014 22:00:00',na,1939.75,531.3525432
'23-Apr-2014 23:00:00',na,1737.971239,487.1750252
'24-Apr-2014 00:00:00',na,1545.75,463.3244356
'24-Apr-2014 01:00:00',na,1355.375,444.1025199
'24-Apr-2014 02:00:00',na,1236.022152,428.6661119
'24-Apr-2014 03:00:00',na,1168.75,415.6345956
'24-Apr-2014 04:00:00',na,1100.25,403.1052349
'24-Apr-2014 05:00:00',na,1058.5,393.4087463
'24-Apr-2014 06:00:00',na,1027.25,384.1765183
'24-Apr-2014 07:00:00',na,994.25,376.8888446
'24-Apr-2014 08:00:00',na,970.125,368.3965472
'24-Apr-2014 09:00:00',na,935.5,362.0019864
'24-Apr-2014 10:00:00',na,912.75,356.9792564
'24-Apr-2014 11:00:00',na,904,353.1013614
'24-Apr-2014 12:00:00',na,945.1009037,374.7742781
'24-Apr-2014 13:00:00',na,1092.640106,434.1009179
'24-Apr-2014 14:00:00',na,1662.75,532.2404179
'24-Apr-2014 15:00:00',na,2202.625,583.4001068
'24-Apr-2014 16:00:00',na,2709.621951,607.0678639
'24-Apr-2014 17:00:00',na,2859.5,605.4097276
'24-Apr-2014 18:00:00',na,2655.25,588.092799
'24-Apr-2014 19:00:00',na,2482.194805,572.1605749
'24-Apr-2014 20:00:00',na,2316.5,559.453168
'24-Apr-2014 21:00:00',na,2142.5,545.8622311
'24-Apr-2014 22:00:00',na,1971.125,508.3280582
'24-Apr-2014 23:00:00',na,1795.5,478.3878868
'25-Apr-2014 00:00:00',na,1588.625,456.3573413
'25-Apr-2014 01:00:00',na,1408.25,438.0753577
'25-Apr-2014 02:00:00',na,1263.9375,422.775457
'25-Apr-2014 03:00:00',na,1187.4375,408.5833316
'25-Apr-2014 04:00:00',na,1111,397.7415697
'25-Apr-2014 05:00:00',na,1069.25,386.4392512
'25-Apr-2014 06:00:00',na,1019.458333,378.3171959
'25-Apr-2014 07:00:00',na,982.9166667,369.0931255
'25-Apr-2014 08:00:00',na,967.5,361.8676021
'25-Apr-2014 09:00:00',na,931.125,356.733335
'25-Apr-2014 10:00:00',na,914.28125,351.0486184
'25-Apr-2014 11:00:00',na,903.125,346.5793602
'25-Apr-2014 12:00:00',na,924.3409091,367.9659183
'25-Apr-2014 13:00:00',na,1029.25,433.8113702
'25-Apr-2014 14:00:00',na,1346.223592,493.4632845
'25-Apr-2014 15:00:00',na,1694.416667,540.0625966
'25-Apr-2014 16:00:00',na,1888.083333,554.3416155
'25-Apr-2014 17:00:00',na,2100.5,572.8186847
'25-Apr-2014 18:00:00',na,2295.625,584.8158219
'25-Apr-2014 19:00:00',na,2412,582.5831678
'25-Apr-2014 20:00:00',na,2341.75,573.7554163
'25-Apr-2014 21:00:00',na,2140.625,559.648901
'25-Apr-2014 22:00:00',na,1933.375,542.0903796
'25-Apr-2014 23:00:00',na,1746.337432,492.1154009
'26-Apr-2014 00:00:00',na,1548.900245,470.1737327
'26-Apr-2014 01:00:00',na,1370.635732,452.570526
'26-Apr-2014 02:00:00',na,1279,446.9608654
'26-Apr-2014 03:00:00',na,1235.125,444.118467
'26-Apr-2014 04:00:00',na,1194,444.0896188
'26-Apr-2014 05:00:00',na,1185.25,441.0823493
'26-Apr-2014 06:00:00',na,1166.0625,440.19009
'26-Apr-2014 07:00:00',na,1172.1875,440.1900954
'26-Apr-2014 08:00:00',na,1164.5,441.8965795
'26-Apr-2014 09:00:00',na,1196.083333,438.3820592
'26-Apr-2014 10:00:00',na,1185.416667,433.5368755
'26-Apr-2014 11:00:00',na,1177.4375,431.9674605
'26-Apr-2014 12:00:00',na,1244.337135,438.0304145
'26-Apr-2014 13:00:00',na,1476.961165,491.3520864
'26-Apr-2014 14:00:00',na,2006.5,565.4618757
'26-Apr-2014 15:00:00',na,2600.625,593.5184087
'26-Apr-2014 16:00:00',na,2794,597.8055289
'26-Apr-2014 17:00:00',na,2727.505814,602.7922855
'26-Apr-2014 18:00:00',na,2656.75,615.1840081
'26-Apr-2014 19:00:00',na,2988.289101,621.58267
'26-Apr-2014 20:00:00',na,4291.075069,715.3808833
'26-Apr-2014 21:00:00',na,4946.927215,830.3443096
'26-Apr-2014 22:00:00',na,5005,852.7538808
'26-Apr-2014 23:00:00',na,4635.75,873.2270823
'27-Apr-2014 00:00:00',na,4224.75,795.9975196
'27-Apr-2014 01:00:00',na,4183.75,730.3542774
'27-Apr-2014 02:00:00',na,4079.875,714.6366796
'27-Apr-2014 03:00:00',na,3787.975888,687.1313654
'27-Apr-2014 04:00:00',na,3425.697948,648.0794124
'27-Apr-2014 05:00:00',na,3137.375,619.7740719
'27-Apr-2014 06:00:00',na,2789.625,608.5404521
'27-Apr-2014 07:00:00',na,2624.625,617.6505195
'27-Apr-2014 08:00:00',na,2603,640.8255264
'27-Apr-2014 09:00:00',na,2646.25,656.9618077
'27-Apr-2014 10:00:00',na,2770.875,674.916687
'27-Apr-2014 11:00:00',na,2753.066304,687.8917041
'27-Apr-2014 12:00:00',na,2670.456522,681.0610546
'27-Apr-2014 13:00:00',na,2582,671.8490755
'27-Apr-2014 14:00:00',na,2530.125,668.1327284
'27-Apr-2014 15:00:00',na,2475.375,672.5003159
'27-Apr-2014 16:00:00',na,2478.625,681.9282003
'27-Apr-2014 17:00:00',na,2431.75,683.3753786
'27-Apr-2014 18:00:00',na,2358,668.6098286
'27-Apr-2014 19:00:00',na,2242.75,644.5047604
'27-Apr-2014 20:00:00',na,2157.738372,627.4298116
'27-Apr-2014 21:00:00',na,2048.25,606.0000871
'27-Apr-2014 22:00:00',na,1946.375,587.6659301
'27-Apr-2014 23:00:00',na,1863.125,574.4328165
'28-Apr-2014 00:00:00',na,1783.875,562.9148041
'28-Apr-2014 01:00:00',na,1687.5,555.2777857
'28-Apr-2014 02:00:00',na,1598.25,548.6728014
'28-Apr-2014 03:00:00',na,1515.5,543.1715318
'28-Apr-2014 04:00:00',na,1433.25,529.4145558
'28-Apr-2014 05:00:00',na,1377.25,496.2235457
'28-Apr-2014 06:00:00',na,1303.375,487.1840895
'28-Apr-2014 07:00:00',na,1256.5,477.5222794
'28-Apr-2014 08:00:00',na,1225,469.3566217
'28-Apr-2014 09:00:00',na,1189.625,461.8774846
'28-Apr-2014 10:00:00',na,1166.125,457.133661
'28-Apr-2014 11:00:00',na,1139,450.2312301
'28-Apr-2014 12:00:00',na,1132.535714,445.617328
'28-Apr-2014 13:00:00',na,1122.285714,442.2296437
'28-Apr-2014 14:00:00',na,1078,438.6480929
'28-Apr-2014 15:00:00',na,1089,437.7120429
'28-Apr-2014 16:00:00',na,1077,437.76975
'28-Apr-2014 17:00:00',na,1082,437.8274572
'28-Apr-2014 18:00:00',na,1080.4,441.1400372
'28-Apr-2014 19:00:00',na,1083.6,443.1888218
'28-Apr-2014 20:00:00',na,1086,446.840832
'28-Apr-2014 21:00:00',na,1096,448.5360338
'28-Apr-2014 22:00:00',na,1118.416667,456.1659931
'28-Apr-2014 23:00:00',na,1141.958333,467.528943
'29-Apr-2014 00:00:00',na,1175.75,481.278158
'29-Apr-2014 01:00:00',na,1231.1875,493.827262
'29-Apr-2014 02:00:00',na,1256.5,518.3310778
'29-Apr-2014 03:00:00',na,1289.125,537.8118974
'29-Apr-2014 04:00:00',na,1284.625,539.3403342
'29-Apr-2014 05:00:00',na,1265.5,539.0058025
'29-Apr-2014 06:00:00',na,1243,519.6836045
'29-Apr-2014 07:00:00',na,1214,496.4782476
'29-Apr-2014 08:00:00',na,1190.75,485.9479981
'29-Apr-2014 09:00:00',na,1140.75,474.2955095
'29-Apr-2014 10:00:00',na,1114.5,463.9070984
'29-Apr-2014 11:00:00',na,1102,455.6029706
'29-Apr-2014 12:00:00',na,1078,448.0829441
'29-Apr-2014 13:00:00',na,1071,443.5015622
'29-Apr-2014 14:00:00',na,1066,443.2084175
'29-Apr-2014 15:00:00',na,1059,448.5788702
'29-Apr-2014 16:00:00',na,1074,460.9870241
'29-Apr-2014 17:00:00',na,1104.25,470.6983983
'29-Apr-2014 18:00:00',na,1131.5,472.4729187
'29-Apr-2014 19:00:00',na,1155.875,471.1456642
'29-Apr-2014 20:00:00',na,1166.25,465.8264397
'29-Apr-2014 21:00:00',na,1189.75,459.7413681
'29-Apr-2014 22:00:00',na,1157.2,454.3467993
'29-Apr-2014 23:00:00',na,1152.8,447.7367172
'30-Apr-2014 00:00:00',na,1147.5,441.0869635
'30-Apr-2014 01:00:00',na,1128.375,433.4883469
'30-Apr-2014 02:00:00',na,1095.513859,424.886134
'30-Apr-2014 03:00:00',na,1083,418.1494886
'30-Apr-2014 04:00:00',na,1058,410.4826449
'30-Apr-2014 05:00:00',na,1040.281561,404.7822467
'30-Apr-2014 06:00:00',na,1015.875,398.6546433
'30-Apr-2014 07:00:00',na,1002.75,392.6183667
'30-Apr-2014 08:00:00',na,967,387.9781223
'30-Apr-2014 09:00:00',na,947.75,385.7808373
'30-Apr-2014 10:00:00',na,935.5,382.4729152
'30-Apr-2014 11:00:00',na,921.5,380.3720416
'30-Apr-2014 12:00:00',na,911.5833333,379.4980189
'30-Apr-2014 13:00:00',na,913.0416667,382.2709022
'30-Apr-2014 14:00:00',na,945.875,398.2677283
'30-Apr-2014 15:00:00',na,1206.06469,500.098529
'30-Apr-2014 16:00:00',na,1785.987292,629.2681809
'30-Apr-2014 17:00:00',na,2291.641325,679.0187783
'30-Apr-2014 18:00:00',na,2596.625,748.8030986
'30-Apr-2014 19:00:00',na,2578.5,792.5502631
'30-Apr-2014 20:00:00',na,2524.25,769.6019525
'30-Apr-2014 21:00:00',na,2409.25,737.1423019
'30-Apr-2014 22:00:00',na,2346.25,708.6147264
'30-Apr-2014 23:00:00',na,2322.5,707.3914969
'01-May-2014 00:00:00',na,2269.5,701.3921899
'01-May-2014 01:00:00',na,2169.25,678.1761739
'01-May-2014 02:00:00',na,2035.784091,658.7615154
'01-May-2014 03:00:00',na,1902.4,633.8698278
'01-May-2014 04:00:00',na,1729.5,613.4511591
'01-May-2014 05:00:00',na,1626.625,596.875703
'01-May-2014 06:00:00',na,1482.092105,581.9301885
'01-May-2014 07:00:00',na,1418.289474,570.4323018
'01-May-2014 08:00:00',na,1363.763158,557.9885129
'01-May-2014 09:00:00',na,1309.236842,548.1600901
'01-May-2014 10:00:00',na,1254.710526,532.2216181
'01-May-2014 11:00:00',na,1201.907895,497.1090839
'01-May-2014 12:00:00',na,1162.25,486.4673524
'01-May-2014 13:00:00',na,1174.75,490.7967966
'01-May-2014 14:00:00',na,1237.857143,531.6851545
'01-May-2014 15:00:00',na,1318.107143,549.5658239
'01-May-2014 16:00:00',na,1386.75,552.2775642
'01-May-2014 17:00:00',na,1413.125,553.1495314
'01-May-2014 18:00:00',na,1464.5,553.7920589
'01-May-2014 19:00:00',na,1579.75,557.5110884
'01-May-2014 20:00:00',na,1859.283996,569.4498592
'01-May-2014 21:00:00',na,2336.625,578.6659467
'01-May-2014 22:00:00',na,4026.688776,650.0739986
'01-May-2014 23:00:00',na,4946.25,917.734805
'02-May-2014 00:00:00',na,4833.625,1198.838159
'02-May-2014 01:00:00',na,4597,1195.373784
'02-May-2014 02:00:00',na,4384.125,1055.67128
'02-May-2014 03:00:00',na,4413.375,1010.246989
'02-May-2014 04:00:00',na,4352.75,1017.655978
'02-May-2014 05:00:00',na,4123.875,1007.517602
'02-May-2014 06:00:00',na,3923.25,965.394695
'02-May-2014 07:00:00',na,3734.75,884.7386662
'02-May-2014 08:00:00',na,3529.195026,820.7257238
'02-May-2014 09:00:00',na,3346.5,784.6674099
'02-May-2014 10:00:00',na,3092.5,749.7367478
'02-May-2014 11:00:00',na,2881.25,717.5666683
'02-May-2014 12:00:00',na,2675.278261,685.1347407
'02-May-2014 13:00:00',na,2547,667.7658029
'02-May-2014 14:00:00',na,2490.75,653.4599274
'02-May-2014 15:00:00',na,2436,638.6234393
'02-May-2014 16:00:00',na,2426.410714,626.1694243
'02-May-2014 17:00:00',na,2394,618.4732006
'02-May-2014 18:00:00',na,2462.125,614.0587119
'02-May-2014 19:00:00',na,2413.083333,604.7928493
'02-May-2014 20:00:00',na,2355.25,594.1003891
'02-May-2014 21:00:00',na,2301.625,585.0931446
'02-May-2014 22:00:00',na,2223.791667,579.3254142
'02-May-2014 23:00:00',na,2298.856589,584.2721611
'03-May-2014 00:00:00',na,2444.956706,595.8635816
'03-May-2014 01:00:00',na,2970.347826,698.1271956
'03-May-2014 02:00:00',na,3345.875,794.664456
'03-May-2014 03:00:00',na,3571,837.8951467
'03-May-2014 04:00:00',na,3696.25,911.2333094
'03-May-2014 05:00:00',na,3505.5,928.6859167
'03-May-2014 06:00:00',na,3294.241397,845.03334
'03-May-2014 07:00:00',na,3015.5,788.0437318
'03-May-2014 08:00:00',na,2707.75,734.8874665
'03-May-2014 09:00:00',na,2474.625,688.7666671
'03-May-2014 10:00:00',na,2306.408897,663.6413234
'03-May-2014 11:00:00',na,2154.25,638.1392417
'03-May-2014 12:00:00',na,2018.375,618.9670538
'03-May-2014 13:00:00',na,1914,602.1025023
'03-May-2014 14:00:00',na,1841.5,588.4238499
'03-May-2014 15:00:00',na,1746.675,579.9312842
'03-May-2014 16:00:00',na,1738.325,573.9892459
'03-May-2014 17:00:00',na,1710.625,570.8297896
'03-May-2014 18:00:00',na,1758.75,569.3114637
'03-May-2014 19:00:00',na,1791.25,567.0756755
'03-May-2014 20:00:00',na,1789.75,562.5840243
'03-May-2014 21:00:00',na,1772.75,558.2794719
'03-May-2014 22:00:00',na,1709,553.8524135
'03-May-2014 23:00:00',na,1662.75,548.9888342
'04-May-2014 00:00:00',na,1551,542.6861889
'04-May-2014 01:00:00',na,1468,528.9804363
'04-May-2014 02:00:00',na,1398.125,497.8887946
'04-May-2014 03:00:00',na,1341.5,488.1076512
'04-May-2014 04:00:00',na,1288.25,478.440789
'04-May-2014 05:00:00',na,1226.5,469.0728403
'04-May-2014 06:00:00',na,1197.25,459.2313528
'04-May-2014 07:00:00',na,1159.875,450.2410772
'04-May-2014 08:00:00',na,1125.2,441.8348431
'04-May-2014 09:00:00',na,1093,434.1128678
'04-May-2014 10:00:00',na,1076,426.553026
'04-May-2014 11:00:00',na,1068,420.285103
'04-May-2014 12:00:00',na,1039.5,413.409674
'04-May-2014 13:00:00',na,1011.25,409.0622801
'04-May-2014 14:00:00',na,987.75,404.258347
'04-May-2014 15:00:00',na,961.75,399.4816942
'04-May-2014 16:00:00',na,959.3,394.3441618
'04-May-2014 17:00:00',na,937.95,390.5152371
'04-May-2014 18:00:00',na,931.125,387.5162105
'04-May-2014 19:00:00',na,925,384.4773388
'04-May-2014 20:00:00',na,915.375,382.7780176
'04-May-2014 21:00:00',na,921.0625,380.6687762
'04-May-2014 22:00:00',na,901.2875,380.0151246
'04-May-2014 23:00:00',na,907.525,377.6077054
'05-May-2014 00:00:00',na,891.75,376.3897242
'05-May-2014 01:00:00',na,887.5,374.798862
'05-May-2014 02:00:00',na,880.25,371.9531325
'05-May-2014 03:00:00',na,869.75,370.1477933
'05-May-2014 04:00:00',na,863.25,366.5434129
'05-May-2014 05:00:00',na,858.875,364.3998885
'05-May-2014 06:00:00',na,844.9342105,360.6180072
'05-May-2014 07:00:00',na,830.0789474,357.2400367
'05-May-2014 08:00:00',na,821.0263158,353.9416906
'05-May-2014 09:00:00',na,811.9736842,350.2321821
'05-May-2014 10:00:00',na,802.9210526,346.3280774
'05-May-2014 11:00:00',na,801.8157895,343.4474883
'05-May-2014 12:00:00',na,796.5,340.5027876
'05-May-2014 13:00:00',na,786,337.1096348
'05-May-2014 14:00:00',na,785.625,334.9916858
'05-May-2014 15:00:00',na,808.0034779,338.5671353
'05-May-2014 16:00:00',na,906.421888,386.3327292
'05-May-2014 17:00:00',na,1085.525074,442.5546661
'05-May-2014 18:00:00',na,1293.2,452.8167739
'05-May-2014 19:00:00',na,1404.4,451.4833075
'05-May-2014 20:00:00',na,1421.75,441.3379808
'05-May-2014 21:00:00',na,1377.5,431.4663081
'05-May-2014 22:00:00',na,1310,419.7938196
'05-May-2014 23:00:00',na,1248.625,406.1243168
'06-May-2014 00:00:00',na,1194.625,394.6489942
'06-May-2014 01:00:00',na,1139.375,384.995715
'06-May-2014 02:00:00',na,1092,376.849512
'06-May-2014 03:00:00',na,1050.422468,369.931606
'06-May-2014 04:00:00',na,1013.844937,363.9110101
'06-May-2014 05:00:00',na,983.875,358.5321207
'06-May-2014 06:00:00',na,962.25,353.2675633
'06-May-2014 07:00:00',na,928.5,348.3840528
'06-May-2014 08:00:00',na,911,343.6871048
'06-May-2014 09:00:00',na,888,337.5584594
'06-May-2014 10:00:00',na,871.5,329.6915158
'06-May-2014 11:00:00',na,851.5,324.0622352
'06-May-2014 12:00:00',na,829.5,316.7088536
'06-May-2014 13:00:00',na,814.5,313.5664748
'06-May-2014 14:00:00',na,868,328.5861974
'06-May-2014 15:00:00',na,1026.167553,419.6031397
'06-May-2014 16:00:00',na,1298.585106,473.0389911
'06-May-2014 17:00:00',na,1532.25,500.0397669
'06-May-2014 18:00:00',na,1672.5,501.3197661
'06-May-2014 19:00:00',na,1730.8125,536.0002851
'06-May-2014 20:00:00',na,1793.9375,537.2034294
'06-May-2014 21:00:00',na,1767.75,517.4184112
'06-May-2014 22:00:00',na,1664.677215,487.9973929
'06-May-2014 23:00:00',na,1529.375,470.5729822
'07-May-2014 00:00:00',na,1446.75,457.907977
'07-May-2014 01:00:00',na,1355.5,446.8749177
'07-May-2014 02:00:00',na,1302.125,436.7093763
'07-May-2014 03:00:00',na,1252,425.2279202
'07-May-2014 04:00:00',na,1211.5,412.7827187
'07-May-2014 05:00:00',na,1155.75,402.6721388
'07-May-2014 06:00:00',na,1109.125,393.2749318
'07-May-2014 07:00:00',na,1075,386.0822808
'07-May-2014 08:00:00',na,1041.75,380.2396497
'07-May-2014 09:00:00',na,1023.75,375.7154893
'07-May-2014 10:00:00',na,1010.625,374.2154829
'07-May-2014 11:00:00',na,1076.613861,379.237138
'07-May-2014 12:00:00',na,2449.134615,559.3961584
'07-May-2014 13:00:00',na,3901.259162,725.2015282
'07-May-2014 14:00:00',na,4395.875,862.3383045
'07-May-2014 15:00:00',na,4558.75,992.0279286
'07-May-2014 16:00:00',na,4719.5,1084.576529
'07-May-2014 17:00:00',na,4919.75,1102.278231
'07-May-2014 18:00:00',na,4705.5,1111.942745
'07-May-2014 19:00:00',na,4346.125,988.2408538
'07-May-2014 20:00:00',na,4347.75,918.5896136
'07-May-2014 21:00:00',na,4320.5,923.0578366
'07-May-2014 22:00:00',na,4007.5,915.7830563
'07-May-2014 23:00:00',na,3749.625,849.2615249
'08-May-2014 00:00:00',na,3442.570652,778.8069064
'08-May-2014 01:00:00',na,3143.75,713.5202275
'08-May-2014 02:00:00',na,3083,686.8102404
'08-May-2014 03:00:00',na,3103.75,722.3565353
'08-May-2014 04:00:00',na,3087.25,740.6939533
'08-May-2014 05:00:00',na,2980.75,743.2641342
'08-May-2014 06:00:00',na,2912.75,734.538995
'08-May-2014 07:00:00',na,2802,733.2598877
'08-May-2014 08:00:00',na,2630.625,719.9335458
'08-May-2014 09:00:00',na,2481.5,691.7910584
'08-May-2014 10:00:00',na,2342.6875,661.3166761
'08-May-2014 11:00:00',na,2186.625,643.1789734
'08-May-2014 12:00:00',na,2061.5,621.4915453
'08-May-2014 13:00:00',na,2043.858793,609.4857856
'08-May-2014 14:00:00',na,2154.328904,608.6272012
'08-May-2014 15:00:00',na,2361.5,619.627968
'08-May-2014 16:00:00',na,2560.5,626.4320391
'08-May-2014 17:00:00',na,2725.5,622.9040567
'08-May-2014 18:00:00',na,2831.5,617.2220275
'08-May-2014 19:00:00',na,2736.375,606.7034984
'08-May-2014 20:00:00',na,2610.875,591.4219415
'08-May-2014 21:00:00',na,2417.743507,576.3941301
'08-May-2014 22:00:00',na,2247.487013,563.3437997
'08-May-2014 23:00:00',na,2087.425747,549.8319057
'09-May-2014 00:00:00',na,1899.494717,538.4074377
'09-May-2014 01:00:00',na,1741.3,491.0468234
'09-May-2014 02:00:00',na,1545.125,476.9547249
'09-May-2014 03:00:00',na,1429.327138,464.5997866
'09-May-2014 04:00:00',na,1360.065498,455.4638743
'09-May-2014 05:00:00',na,1299.75,447.1545881
'09-May-2014 06:00:00',na,1291.625,454.3896338
'09-May-2014 07:00:00',na,1454.896063,499.3325334
'09-May-2014 08:00:00',na,1842.229404,549.4843288
'09-May-2014 09:00:00',na,2299.236392,575.2718522
'09-May-2014 10:00:00',na,2656.221106,607.0610831
'09-May-2014 11:00:00',na,3001,638.1572496
'09-May-2014 12:00:00',na,3138.333333,664.4967108
'09-May-2014 13:00:00',na,3196.666667,677.1028223
'09-May-2014 14:00:00',na,3291.25,683.9640535
'09-May-2014 15:00:00',na,3408.875,688.3695601
'09-May-2014 16:00:00',na,3574.75,695.2437352
'09-May-2014 17:00:00',na,4149.75,807.1023176
'09-May-2014 18:00:00',na,4145.75,867.6512785
'09-May-2014 19:00:00',na,3796,842.5477128
'09-May-2014 20:00:00',na,3593.75,786.6491408
'09-May-2014 21:00:00',na,3840,841.302334
'09-May-2014 22:00:00',na,4642.125,1029.496308
'09-May-2014 23:00:00',na,4782.5,1151.068664
'10-May-2014 00:00:00',na,4476.25,1069.358327
'10-May-2014 01:00:00',na,4075,942.1761998
'10-May-2014 02:00:00',na,3753,881.41105
'10-May-2014 03:00:00',na,3446.875,786.7344446
'10-May-2014 04:00:00',na,3115,718.6481736
'10-May-2014 05:00:00',na,2871.4375,681.5699326
'10-May-2014 06:00:00',na,2614.333333,643.6765721
'10-May-2014 07:00:00',na,2446.166667,628.5418765
'10-May-2014 08:00:00',na,2325.375,611.1164547
'10-May-2014 09:00:00',na,2193.625,595.2232285
'10-May-2014 10:00:00',na,2061.25,581.3793891
'10-May-2014 11:00:00',na,1963.75,572.2305064
'10-May-2014 12:00:00',na,1945.125,567.9351887
'10-May-2014 13:00:00',na,1900,566.6585492
'10-May-2014 14:00:00',na,1931.125,563.7435286
'10-May-2014 15:00:00',na,1958.5,564.6499675
'10-May-2014 16:00:00',na,2108,568.2986583
'10-May-2014 17:00:00',na,2235.625,572.8550802
'10-May-2014 18:00:00',na,2328.5,574.0456012
'10-May-2014 19:00:00',na,2403,573.1648839
'10-May-2014 20:00:00',na,2391,573.0783123
'10-May-2014 21:00:00',na,2385,573.9590404
'10-May-2014 22:00:00',na,2311,569.1712508
'10-May-2014 23:00:00',na,2192.5,557.5556928
'11-May-2014 00:00:00',na,2067.5,545.6981891
'11-May-2014 01:00:00',na,1873,518.7287614
'11-May-2014 02:00:00',na,1710.875,484.7652782
'11-May-2014 03:00:00',na,1602,471.3858862
'11-May-2014 04:00:00',na,1524.875,460.741843
'11-May-2014 05:00:00',na,1462.875,453.1440961
'11-May-2014 06:00:00',na,1525,461.049099
'11-May-2014 07:00:00',na,1643.127344,484.745821
'11-May-2014 08:00:00',na,1739.363524,507.0057106
'11-May-2014 09:00:00',na,1814.875,550.3857654
'11-May-2014 10:00:00',na,2893.533861,679.8125799
'11-May-2014 11:00:00',na,4010.906613,857.283532
'11-May-2014 12:00:00',na,4146.25,962.2635567
'11-May-2014 13:00:00',na,4041,955.9592484
'11-May-2014 14:00:00',na,3815.015748,908.8856024
'11-May-2014 15:00:00',na,3539.967913,885.9038616
'11-May-2014 16:00:00',na,3259,800.7278625
'11-May-2014 17:00:00',na,2939.875,725.2743226
'11-May-2014 18:00:00',na,2637.498211,686.920546
'11-May-2014 19:00:00',na,2492.916667,649.4672865
'11-May-2014 20:00:00',na,2410.083333,632.9673488
'11-May-2014 21:00:00',na,2331.25,618.6566481
'11-May-2014 22:00:00',na,2260.25,605.5260163
'11-May-2014 23:00:00',na,2183.625,594.3500894
'12-May-2014 00:00:00',na,2067.25,583.6958283
'12-May-2014 01:00:00',na,1946.625,575.8378376
'12-May-2014 02:00:00',na,1836.625,568.3013552
'12-May-2014 03:00:00',na,1724.125,560.2427807
'12-May-2014 04:00:00',na,1633.625,553.0105085
'12-May-2014 05:00:00',na,1534.75,546.4343326
'12-May-2014 06:00:00',na,1473.25,540.9301021
'12-May-2014 07:00:00',na,1389,528.5028225
'12-May-2014 08:00:00',na,1328.25,498.4083822
'12-May-2014 09:00:00',na,1279.75,486.6838174
'12-May-2014 10:00:00',na,1230.333333,477.7242286
'12-May-2014 11:00:00',na,1189.166667,468.8996376
'12-May-2014 12:00:00',na,1182.25,463.2531482
'12-May-2014 13:00:00',na,1171.75,468.1396716
'12-May-2014 14:00:00',na,1198.625,488.7247913
'12-May-2014 15:00:00',na,1284.625,545.4529321
'12-May-2014 16:00:00',na,1447.59375,560.1577936
'12-May-2014 17:00:00',na,1522.125,567.4837839
'12-May-2014 18:00:00',na,1518,565.8765985
'12-May-2014 19:00:00',na,1491.5,560.5589453
'12-May-2014 20:00:00',na,1438.75,553.4419416
'12-May-2014 21:00:00',na,1459.125,559.1048475
'12-May-2014 22:00:00',na,1537.25,583.9524284
'12-May-2014 23:00:00',na,1549.625,601.1200338
'13-May-2014 00:00:00',na,1526.25,606.3139732
'13-May-2014 01:00:00',na,1473.5,604.7251341
'13-May-2014 02:00:00',na,1411.875,599.4891727
'13-May-2014 03:00:00',na,1364.75,591.9074984
'13-May-2014 04:00:00',na,1304.25,582.1969084
'13-May-2014 05:00:00',na,1274.5,571.7633426
'13-May-2014 06:00:00',na,1232.875,562.2903498
'13-May-2014 07:00:00',na,1211.875,553.3868548
'13-May-2014 08:00:00',na,1173.875,544.4972264
'13-May-2014 09:00:00',na,1145.875,530.0456117
'13-May-2014 10:00:00',na,1113.9,499.9820381
'13-May-2014 11:00:00',na,1097.6,490.0364931
'13-May-2014 12:00:00',na,1123.888889,505.9326853
'13-May-2014 13:00:00',na,1139.291667,550.9005999
'13-May-2014 14:00:00',na,1207.75,586.1442336
'13-May-2014 15:00:00',na,1308.875,631.3289114
'13-May-2014 16:00:00',na,1448.875,685.4148517
'13-May-2014 17:00:00',na,1601,716.0971424
'13-May-2014 18:00:00',na,1684.25,713.9450658
'13-May-2014 19:00:00',na,1717.875,701.9050409
'13-May-2014 20:00:00',na,1699.875,689.537705
'13-May-2014 21:00:00',na,1613.3,669.5948199
'13-May-2014 22:00:00',na,1536.2,646.4079228
'13-May-2014 23:00:00',na,1430.75,624.4678711
'14-May-2014 00:00:00',na,1401.875,607.9849412
'14-May-2014 01:00:00',na,1344.25,593.3856747
'14-May-2014 02:00:00',na,1308,584.1567684
'14-May-2014 03:00:00',na,1298.866071,576.608583
'14-May-2014 04:00:00',na,1258.75,570.0911855
'14-May-2014 05:00:00',na,1241.875,566.6269838
'14-May-2014 06:00:00',na,1229.5,560.9117014
'14-May-2014 07:00:00',na,1214.208333,557.0127323
'14-May-2014 08:00:00',na,1179.916667,553.1534889
'14-May-2014 09:00:00',na,1162,546.9758281
'14-May-2014 10:00:00',na,1137.65,541.9465437
'14-May-2014 11:00:00',na,1111.35,529.0971825
'14-May-2014 12:00:00',na,1121,501.3824338
'14-May-2014 13:00:00',na,1142.75,500.1164894
'14-May-2014 14:00:00',na,1196.875,530.7813838
'14-May-2014 15:00:00',na,1263.25,561.1478394
'14-May-2014 16:00:00',na,1293.333333,582.7197263
'14-May-2014 17:00:00',na,1316.416667,596.1905249
'14-May-2014 18:00:00',na,1314.916667,605.2099545
'14-May-2014 19:00:00',na,1327.583333,608.4265284
'14-May-2014 20:00:00',na,1316.75,612.2088198
'14-May-2014 21:00:00',na,1280.8,607.5160049
'14-May-2014 22:00:00',na,1234.7,597.3224271
'14-May-2014 23:00:00',na,1200.625,586.8711332
'15-May-2014 00:00:00',na,1175.75,575.1659418
'15-May-2014 01:00:00',na,1132.75,563.6374526
'15-May-2014 02:00:00',na,1101,554.0359539
'15-May-2014 03:00:00',na,1082,545.1531409
'15-May-2014 04:00:00',na,1060.25,538.3551808
'15-May-2014 05:00:00',na,1027.25,499.3948293
'15-May-2014 06:00:00',na,1008.5,486.1019574
'15-May-2014 07:00:00',na,975.75,475.0070382
'15-May-2014 08:00:00',na,963.75,465.3165615
'15-May-2014 09:00:00',na,953.875,455.1795604
'15-May-2014 10:00:00',na,929.375,447.0574262
'15-May-2014 11:00:00',na,931.125,440.2056649
'15-May-2014 12:00:00',na,928.5,435.62905
'15-May-2014 13:00:00',na,939.875,434.4470079
'15-May-2014 14:00:00',na,922.75,436.2656846
'15-May-2014 15:00:00',na,946,441.8925563
'15-May-2014 16:00:00',na,960,451.5839554
'15-May-2014 17:00:00',na,962.78671,462.3245973
'15-May-2014 18:00:00',na,976.6808118,470.6645612
'15-May-2014 19:00:00',na,976.5,479.5852258
'15-May-2014 20:00:00',na,983.6785714,482.8362091
'15-May-2014 21:00:00',na,964.6428571,482.2254593
'15-May-2014 22:00:00',na,961.2460733,477.7771303
'15-May-2014 23:00:00',na,946.875,470.7752462
'16-May-2014 00:00:00',na,926.75,461.5022257
'16-May-2014 01:00:00',na,928.5,453.4133462
'16-May-2014 02:00:00',na,909.0416667,445.2998736
'16-May-2014 03:00:00',na,889.9583333,436.8537417
'16-May-2014 04:00:00',na,874.625,429.2542727
'16-May-2014 05:00:00',na,873.75,424.7403547
'16-May-2014 06:00:00',na,860,418.5418588
'16-May-2014 07:00:00',na,847.625,413.0781907
'16-May-2014 08:00:00',na,843.6875,407.6701471
'16-May-2014 09:00:00',na,837.4375,403.7713227
'16-May-2014 10:00:00',na,836.3636364,400.8903261
'16-May-2014 11:00:00',na,832.5454545,398.2205332
'16-May-2014 12:00:00',na,836.0703883,398.4184018
'16-May-2014 13:00:00',na,848.25,400.4785409
'16-May-2014 14:00:00',na,854.875,406.2021326
'16-May-2014 15:00:00',na,861.375,415.6686782
'16-May-2014 16:00:00',na,894.1065217,431.2612233
'16-May-2014 17:00:00',na,907.6065217,451.0006754
'16-May-2014 18:00:00',na,952.25,468.3897681
'16-May-2014 19:00:00',na,974.7,482.2159761
'16-May-2014 20:00:00',na,1004.8,500.0397615
'16-May-2014 21:00:00',na,1019.625,536.1446396
'16-May-2014 22:00:00',na,1021.75,535.4492675
'16-May-2014 23:00:00',na,1012,499.3659703
'17-May-2014 00:00:00',na,994.5,489.3294468
'17-May-2014 01:00:00',na,975.625,478.38788
'17-May-2014 02:00:00',na,960.625,466.4179581
'17-May-2014 03:00:00',na,932.25,454.7900817
'17-May-2014 04:00:00',na,913,445.193684
'17-May-2014 05:00:00',na,904.875,436.7625416
'17-May-2014 06:00:00',na,887.2083333,427.5344367
'17-May-2014 07:00:00',na,873.9166667,420.1651164
'17-May-2014 08:00:00',na,861.25,413.8277722
'17-May-2014 09:00:00',na,840.125,409.5204269
'17-May-2014 10:00:00',na,832.25,405.2525224
'17-May-2014 11:00:00',na,824.5,401.8048919
'17-May-2014 12:00:00',na,824.125,399.4152454
'17-May-2014 13:00:00',na,826.75,398.418391
'17-May-2014 14:00:00',na,836.5,400.6838026
'17-May-2014 15:00:00',na,857.8790698,407.6897559
'17-May-2014 16:00:00',na,896.025,429.3376147
'17-May-2014 17:00:00',na,967.2916667,484.7502091
'17-May-2014 18:00:00',na,1088.333333,570.0364635
'17-May-2014 19:00:00',na,1249.25,602.6725534
'17-May-2014 20:00:00',na,1334.5,614.4324738
'17-May-2014 21:00:00',na,1390.625,615.6230505
'17-May-2014 22:00:00',na,1411.875,604.7928493
'17-May-2014 23:00:00',na,1389.25,590.891648
'18-May-2014 00:00:00',na,1342.75,573.6564927
'18-May-2014 01:00:00',na,1288.25,559.8076708
'18-May-2014 02:00:00',na,1243,547.2223786
'18-May-2014 03:00:00',na,1204.125,528.0804685
'18-May-2014 04:00:00',na,1147,489.9600797
'18-May-2014 05:00:00',na,1122.25,474.9636651
'18-May-2014 06:00:00',na,1087,460.9775835
'18-May-2014 07:00:00',na,1042.5,448.6325205
'18-May-2014 08:00:00',na,1010.5,437.3795004
'18-May-2014 09:00:00',na,982.25,429.6416503
'18-May-2014 10:00:00',na,963.5,422.0158513
'18-May-2014 11:00:00',na,960,424.3524267
'18-May-2014 12:00:00',na,1063.241879,486.0054185
'18-May-2014 13:00:00',na,1519.92347,584.2438128
'18-May-2014 14:00:00',na,2330.875,677.5884446
'18-May-2014 15:00:00',na,3023.458116,778.8518871
'18-May-2014 16:00:00',na,3568,849.6676237
'18-May-2014 17:00:00',na,3866,881.7082433
'18-May-2014 18:00:00',na,3917.875,888.5342897
'18-May-2014 19:00:00',na,3820.75,878.4030217
'18-May-2014 20:00:00',na,3658.375,846.6120399
'18-May-2014 21:00:00',na,3481.125,780.7926522
'18-May-2014 22:00:00',na,3336.25,730.3752965
'18-May-2014 23:00:00',na,3093,689.5168469
'19-May-2014 00:00:00',na,2795,655.9193923
'19-May-2014 01:00:00',na,2513.597826,619.6275968
'19-May-2014 02:00:00',na,2273.574324,601.5453393
'19-May-2014 03:00:00',na,2067.625298,581.050411
'19-May-2014 04:00:00',na,1825.25,563.7032452
'19-May-2014 05:00:00',na,1661.70122,549.6875306
'19-May-2014 06:00:00',na,1523.875,539.5278265
'19-May-2014 07:00:00',na,1386.166667,499.2603421
'19-May-2014 08:00:00',na,1321.083333,486.6646762
'19-May-2014 09:00:00',na,1261,476.8824986
'19-May-2014 10:00:00',na,1229.5,471.1357348
'19-May-2014 11:00:00',na,1225,470.7848328
'19-May-2014 12:00:00',na,1386.75,522.0699597
'19-May-2014 13:00:00',na,1886.853446,607.749722
'19-May-2014 14:00:00',na,2390.375,652.4195839
'19-May-2014 15:00:00',na,2957.6875,676.750975
'19-May-2014 16:00:00',na,3397.1875,705.7108095
'19-May-2014 17:00:00',na,3503.875,718.9840855
'19-May-2014 18:00:00',na,3462.75,705.6566997
'19-May-2014 19:00:00',na,3357.375,657.1414981
'19-May-2014 20:00:00',na,3158.25,631.2932943
'19-May-2014 21:00:00',na,2893.423223,602.7071656
'19-May-2014 22:00:00',na,2562.274053,576.8439318
'19-May-2014 23:00:00',na,2337.5,554.4882528
'20-May-2014 00:00:00',na,2130.125,531.5874029
'20-May-2014 01:00:00',na,1909,487.8579288
'20-May-2014 02:00:00',na,1673.25,465.68182
'20-May-2014 03:00:00',na,1522,450.0465402
'20-May-2014 04:00:00',na,1383.375,433.1951203
'20-May-2014 05:00:00',na,1292.25,421.0462281
'20-May-2014 06:00:00',na,1231.75,410.4055001
'20-May-2014 07:00:00',na,1168.25,399.2059206
'20-May-2014 08:00:00',na,1102.25,391.1062247
'20-May-2014 09:00:00',na,1066,383.3306802
'20-May-2014 10:00:00',na,1026.5,377.4427351
'20-May-2014 11:00:00',na,978.875,372.8532073
'20-May-2014 12:00:00',na,963,378.2019867
'20-May-2014 13:00:00',na,973.375,405.5059148
'20-May-2014 14:00:00',na,1162.75,445.9220275
'20-May-2014 15:00:00',na,1596.125,487.9110938
'20-May-2014 16:00:00',na,2060.125,527.5473058
'20-May-2014 17:00:00',na,2211.75,539.6865512
'20-May-2014 18:00:00',na,2192.25,539.5214052
'20-May-2014 19:00:00',na,2121.42161,519.0366031
'20-May-2014 20:00:00',na,2003.902542,493.8035452
'20-May-2014 21:00:00',na,1901.5,480.0131901
'20-May-2014 22:00:00',na,1779.875,463.9838223
'20-May-2014 23:00:00',na,1637.75,448.6371851
'21-May-2014 00:00:00',na,1470.75,434.5231045
'21-May-2014 01:00:00',na,1354.25,419.9032694
'21-May-2014 02:00:00',na,1261.75,408.4861587
'21-May-2014 03:00:00',na,1193.5,398.4025255
'21-May-2014 04:00:00',na,1135,389.246132
'21-May-2014 05:00:00',na,1088.8,380.7904181
'21-May-2014 06:00:00',na,1046.116667,373.2343745
'21-May-2014 07:00:00',na,1006.083333,366.9947991
'21-May-2014 08:00:00',na,974.0227273,361.6305849
'21-May-2014 09:00:00',na,955.5454545,356.0692206
'21-May-2014 10:00:00',na,924.7083333,351.1152225
'21-May-2014 11:00:00',na,913.7738095,345.8496422
'21-May-2014 12:00:00',na,896.1428571,352.9010762
'21-May-2014 13:00:00',na,911.25,388.7284858
'21-May-2014 14:00:00',na,1078.030279,433.5607004
'21-May-2014 15:00:00',na,1435.763372,476.5172503
'21-May-2014 16:00:00',na,2044.5,529.0612134
'21-May-2014 17:00:00',na,2303,543.4732601
'21-May-2014 18:00:00',na,2395.5,542.9039713
'21-May-2014 19:00:00',na,2372.083333,537.5405091
'21-May-2014 20:00:00',na,2252.666667,493.3710418
'21-May-2014 21:00:00',na,2086,479.6190265
'21-May-2014 22:00:00',na,1932.5,466.9516981
'21-May-2014 23:00:00',na,1820,454.9727386
'22-May-2014 00:00:00',na,1703.533493,444.0613418
'22-May-2014 01:00:00',na,1587.5,434.5093489
'22-May-2014 02:00:00',na,1505.375,428.8697477
'22-May-2014 03:00:00',na,1422,421.0904757
'22-May-2014 04:00:00',na,1375.1875,412.0131291
'22-May-2014 05:00:00',na,1343.6875,402.6546363
'22-May-2014 06:00:00',na,1306.75,397.7018685
'22-May-2014 07:00:00',na,1286.875,392.29543
'22-May-2014 08:00:00',na,1252,389.7348072
'22-May-2014 09:00:00',na,1231.75,391.0252768
'22-May-2014 10:00:00',na,1221.625,403.560497
'22-May-2014 11:00:00',na,1318.5,436.226184
'22-May-2014 12:00:00',na,1630.25,473.2417973
'22-May-2014 13:00:00',na,2096.701005,516.2996997
'22-May-2014 14:00:00',na,2346.25,541.7142891
'22-May-2014 15:00:00',na,2434.75,544.2363907
'22-May-2014 16:00:00',na,2458.75,542.8738108
'22-May-2014 17:00:00',na,2413.5,540.4184825
'22-May-2014 18:00:00',na,2284,507.8444323
'22-May-2014 19:00:00',na,2208.625,485.2073674
'22-May-2014 20:00:00',na,2073,471.8764067
'22-May-2014 21:00:00',na,1945.0625,459.9766504
'22-May-2014 22:00:00',na,1839.397866,445.4249036
'22-May-2014 23:00:00',na,1684.625,431.6986894
'23-May-2014 00:00:00',na,1555.875,416.4072914
'23-May-2014 01:00:00',na,1424.75,403.7603179
'23-May-2014 02:00:00',na,1338.5,393.4628816
'23-May-2014 03:00:00',na,1274.5,386.381544
'23-May-2014 04:00:00',na,1216.25,379.4564575
'23-May-2014 05:00:00',na,1170.5,373.7614033
'23-May-2014 06:00:00',na,1137.75,368.6120072
'23-May-2014 07:00:00',na,1115.48895,364.7911603
'23-May-2014 08:00:00',na,1102,360.1516833
'23-May-2014 09:00:00',na,1087,356.3086163
'23-May-2014 10:00:00',na,1070,353.154726
'23-May-2014 11:00:00',na,1053,350.753935
'23-May-2014 12:00:00',na,1087,348.7129718
'23-May-2014 13:00:00',na,1233.72561,370.8419761
'23-May-2014 14:00:00',na,1361.25,390.6667815
'23-May-2014 15:00:00',na,1524.25,397.7509921
'23-May-2014 16:00:00',na,1632,400.5148232
'23-May-2014 17:00:00',na,1704.625,403.1068338
'23-May-2014 18:00:00',na,1695.875,404.1544406
'23-May-2014 19:00:00',na,1584.625,402.3280917
'23-May-2014 20:00:00',na,1487.25,395.6922266
'23-May-2014 21:00:00',na,1376,389.1365394
'23-May-2014 22:00:00',na,1298.5,382.2043717
'23-May-2014 23:00:00',na,1250.5,375.5462615
'24-May-2014 00:00:00',na,1192,368.9849247
'24-May-2014 01:00:00',na,1146.375,361.4419751
'24-May-2014 02:00:00',na,1095,354.1980873
'24-May-2014 03:00:00',na,1047,347.6455015
'24-May-2014 04:00:00',na,999.125,338.1638234
'24-May-2014 05:00:00',na,952.25,330.3840036
'24-May-2014 06:00:00',na,925,320.4277576
'24-May-2014 07:00:00',na,911.875,305.7400373
'24-May-2014 08:00:00',na,880.375,287.3431768
'24-May-2014 09:00:00',na,850.625,273.4071771
'24-May-2014 10:00:00',na,826.5,274.0099859
'24-May-2014 11:00:00',na,792,267.4484177
'24-May-2014 12:00:00',na,778.4905858,293.5569933
'24-May-2014 13:00:00',na,769.2887828,287.8580998
'24-May-2014 14:00:00',na,764.3186824,281.6662189
'24-May-2014 15:00:00',na,793.9541711,283.0939026
'24-May-2014 16:00:00',na,879.710771,295.2509554
'24-May-2014 17:00:00',na,999.625,272.6667199
'24-May-2014 18:00:00',na,1118.375,278.2128254
'24-May-2014 19:00:00',na,1172.875,316.1409636
'24-May-2014 20:00:00',na,1197.5,341.5432428
'24-May-2014 21:00:00',na,1202.75,347.7583576
'24-May-2014 22:00:00',na,1186.166667,348.4109553
'24-May-2014 23:00:00',na,1121.333333,346.2332458
'25-May-2014 00:00:00',na,1083,341.4838422
'25-May-2014 01:00:00',na,1021.875,334.955358
'25-May-2014 02:00:00',na,973.779703,328.1189006
'25-May-2014 03:00:00',na,945.8094059,319.0616741
'25-May-2014 04:00:00',na,907.5,306.5560641
'25-May-2014 05:00:00',na,896.25,288.7602063
'25-May-2014 06:00:00',na,878.5,274.3674232
'25-May-2014 07:00:00',na,868,270.7432397
'25-May-2014 08:00:00',na,843.75,266.8375699
'25-May-2014 09:00:00',na,816.75,263.8951342
'25-May-2014 10:00:00',na,799.25,261.0030598
'25-May-2014 11:00:00',na,792.375,259.3316707
'25-May-2014 12:00:00',na,782.25,256.5915923
'25-May-2014 13:00:00',na,830.7083333,261.8162529
'25-May-2014 14:00:00',na,1152.154167,297.8026472
'25-May-2014 15:00:00',na,1516,352.6606419
'25-May-2014 16:00:00',na,1819.25,407.8854019
'25-May-2014 17:00:00',na,1842.5,417.9697905
'25-May-2014 18:00:00',na,1691.8,412.675605
'25-May-2014 19:00:00',na,1491.7,401.8694883
'25-May-2014 20:00:00',na,1377,393.089461
'25-May-2014 21:00:00',na,1303.375,384.1342941
'25-May-2014 22:00:00',na,1234.25,374.260351
'25-May-2014 23:00:00',na,1173.875,366.4721407
'26-May-2014 00:00:00',na,1135.125,357.8963283
'26-May-2014 01:00:00',na,1086,349.930734
'26-May-2014 02:00:00',na,1047.375,342.6518907
'26-May-2014 03:00:00',na,993.5833333,332.2208037
'26-May-2014 04:00:00',na,942.3749999,322.8901363
'26-May-2014 05:00:00',na,917.4166666,309.0010705
'26-May-2014 06:00:00',na,893.40625,288.6810585
'26-May-2014 07:00:00',na,875.6875,274.1635682
'26-May-2014 08:00:00',na,858.53125,269.5932062
'26-May-2014 09:00:00',na,817.75,272.9243241
'26-May-2014 10:00:00',na,801.25,263.3599721
'26-May-2014 11:00:00',na,792,265.6199825
'26-May-2014 12:00:00',na,786,274.0081591
'26-May-2014 13:00:00',na,775.5,270.304678
'26-May-2014 14:00:00',na,804.875,277.431281
'26-May-2014 15:00:00',na,906.0625,298.9501876
'26-May-2014 16:00:00',na,991.9375,299.7030532
'26-May-2014 17:00:00',na,1023.505236,291.3264227
'26-May-2014 18:00:00',na,1080,313.2716724
'26-May-2014 19:00:00',na,1135.696429,334.50514
'26-May-2014 20:00:00',na,1149.928571,345.2888459
'26-May-2014 21:00:00',na,1128.875,396.0525068
'26-May-2014 22:00:00',na,1204.5,572.7731043
'26-May-2014 23:00:00',na,1493.875,655.890904
'27-May-2014 00:00:00',na,1660,636.5001993
'27-May-2014 01:00:00',na,1511.982599,595.3638037
'27-May-2014 02:00:00',na,1346.53492,562.9219759
'27-May-2014 03:00:00',na,1225,532.6739621
'27-May-2014 04:00:00',na,1147.25,482.614584
'27-May-2014 05:00:00',na,1098,457.8489473
'27-May-2014 06:00:00',na,1048.375,466.9570293
'27-May-2014 07:00:00',na,1130.875,556.7173905
'27-May-2014 08:00:00',na,1279,564.302108
'27-May-2014 09:00:00',na,1265.5,550.5470741
'27-May-2014 10:00:00',na,1231.9375,527.6142225
'27-May-2014 11:00:00',na,1194.1875,481.2726584
'27-May-2014 12:00:00',na,1196.875,469.9757326
'27-May-2014 13:00:00',na,1913.561558,606.4794513
'27-May-2014 14:00:00',na,2975.625,728.4658641
'27-May-2014 15:00:00',na,3594.25,836.5546382
'27-May-2014 16:00:00',na,3884.5,892.0560872
'27-May-2014 17:00:00',na,3837.75,918.0600001
'27-May-2014 18:00:00',na,3694.615854,925.3457281
'27-May-2014 19:00:00',na,3560.25,891.5346145
'27-May-2014 20:00:00',na,3438.65625,838.4734796
'27-May-2014 21:00:00',na,3405.875,778.7547404
'27-May-2014 22:00:00',na,3996.370572,808.5902979
'27-May-2014 23:00:00',na,4717.75,902.513129
'28-May-2014 00:00:00',na,4589,971.9357702
'28-May-2014 01:00:00',na,4156.924436,958.2807488
'28-May-2014 02:00:00',na,3869.25,899.2379642
'28-May-2014 03:00:00',na,3650.25,797.8499037
'28-May-2014 04:00:00',na,3333,753.8910906
'28-May-2014 05:00:00',na,2994.5,704.4818687
'28-May-2014 06:00:00',na,2628,662.0070971
'28-May-2014 07:00:00',na,2415.25,638.2820883
'28-May-2014 08:00:00',na,2148.25,613.5175767
'28-May-2014 09:00:00',na,1965.252475,593.1701018
'28-May-2014 10:00:00',na,1791.033493,577.0223133
'28-May-2014 11:00:00',na,1625.75,564.5016868
'28-May-2014 12:00:00',na,1526.75,551.8845206
'28-May-2014 13:00:00',na,1435,542.3204546
'28-May-2014 14:00:00',na,1374.5,518.9944749
'28-May-2014 15:00:00',na,1367.125,493.9089246
'28-May-2014 16:00:00',na,1409.75,487.8904996
'28-May-2014 17:00:00',na,1486.5,481.1565484
'28-May-2014 18:00:00',na,1556.5,477.5068138
'28-May-2014 19:00:00',na,1549.48583,470.0530883
'28-May-2014 20:00:00',na,1488.697029,462.7184667
'28-May-2014 21:00:00',na,1404.75,453.4850998
'28-May-2014 22:00:00',na,1316.5,442.7081792
'28-May-2014 23:00:00',na,1268.3125,433.303981
'29-May-2014 00:00:00',na,1208.0625,423.6533144
'29-May-2014 01:00:00',na,1153.875,415.1197467
'29-May-2014 02:00:00',na,1118.5,406.6920589
'29-May-2014 03:00:00',na,1065,398.1495833
'29-May-2014 04:00:00',na,1040.25,391.6595497
'29-May-2014 05:00:00',na,1012.25,384.8045031
'29-May-2014 06:00:00',na,1254.625,382.5994639
'29-May-2014 07:00:00',na,1488.375,381.9399456
'29-May-2014 08:00:00',na,1546.875,383.2618461
'29-May-2014 09:00:00',na,1478.375,384.4229018
'29-May-2014 10:00:00',na,1379.25,383.8430442
'29-May-2014 11:00:00',na,1317.384073,383.2040086
'29-May-2014 12:00:00',na,1263.233153,380.5728378
'29-May-2014 13:00:00',na,1239.0625,378.840963
'29-May-2014 14:00:00',na,1228.9375,376.5380926
'29-May-2014 15:00:00',na,1198.317343,376.2354153
'29-May-2014 16:00:00',na,1185.5,376.7405949
'29-May-2014 17:00:00',na,1181.5,375.1084189
'29-May-2014 18:00:00',na,1164.5,374.4916946
'29-May-2014 19:00:00',na,1165.375,373.758315
'29-May-2014 20:00:00',na,1153.5,372.188283
'29-May-2014 21:00:00',na,1138.75,370.5397117
'29-May-2014 22:00:00',na,1115,367.1844599
'29-May-2014 23:00:00',na,1086,365.2575724
'30-May-2014 00:00:00',na,1061,361.6048379
'30-May-2014 01:00:00',na,1021.5,357.8671964
'30-May-2014 02:00:00',na,990.5,353.3450293
'30-May-2014 03:00:00',na,971.7952522,349.080769
'30-May-2014 04:00:00',na,953.8577586,345.5263475
'30-May-2014 05:00:00',na,939,340.5701502
'30-May-2014 06:00:00',na,921.5,334.8945761
'30-May-2014 07:00:00',na,896.8333333,328.3367183
'30-May-2014 08:00:00',na,881,324.3968597
'30-May-2014 09:00:00',na,1047.505883,402.6952938
'30-May-2014 10:00:00',na,2288.462837,665.4643603
'30-May-2014 11:00:00',na,3042.125,748.3954647
'30-May-2014 12:00:00',na,3284.375,772.8135966
'30-May-2014 13:00:00',na,3210.75,763.730425
'30-May-2014 14:00:00',na,3043.625,772.3734491
'30-May-2014 15:00:00',na,2896.75,776.016581
'30-May-2014 16:00:00',na,2649.25,728.3235334
'30-May-2014 17:00:00',na,2479.875,676.7925206
'30-May-2014 18:00:00',na,2278.5,645.7168425
'30-May-2014 19:00:00',na,2070,623.4924114
'30-May-2014 20:00:00',na,1915,607.4566096
'30-May-2014 21:00:00',na,1792.875,601.6612813
'30-May-2014 22:00:00',na,1690.5,596.5952072
'30-May-2014 23:00:00',na,1587.875,588.0574869
'31-May-2014 00:00:00',na,1486.5,576.127711
'31-May-2014 01:00:00',na,1410,564.5043705
'31-May-2014 02:00:00',na,1326.25,553.8676282
'31-May-2014 03:00:00',na,1259.875,544.4955124
'31-May-2014 04:00:00',na,1229.5,519.3846301
'31-May-2014 05:00:00',na,1176.75,488.5064159
'31-May-2014 06:00:00',na,1155.625,473.3426037
'31-May-2014 07:00:00',na,1112.25,460.3951393
'31-May-2014 08:00:00',na,1086,448.5318853
'31-May-2014 09:00:00',na,1058,437.6265702
'31-May-2014 10:00:00',na,1018.5,429.0440694
'31-May-2014 11:00:00',na,1002.5,419.5963086
'31-May-2014 12:00:00',na,969.25,412.5093011
'31-May-2014 13:00:00',na,952.125,405.8870642
'31-May-2014 14:00:00',na,947.75,403.3581814
'31-May-2014 15:00:00',na,979,401.6431402
'31-May-2014 16:00:00',na,1147.875,402.661861
'31-May-2014 17:00:00',na,1203,405.4867549
'31-May-2014 18:00:00',na,1196.5,402.904457
'31-May-2014 19:00:00',na,1170.5,400.7286263
'31-May-2014 20:00:00',na,1155.75,396.0129162
'31-May-2014 21:00:00',na,1118.5,390.5629472
'31-May-2014 22:00:00',na,1090,385.0069672
'31-May-2014 23:00:00',na,1052.375,379.1385202
'01-Jun-2014 00:00:00',na,1007.5,373.3554348
'01-Jun-2014 01:00:00',na,976.75,367.4238713
'01-Jun-2014 02:00:00',na,968.25,362.4463578
'01-Jun-2014 03:00:00',na,932.0000001,356.1022239
'01-Jun-2014 04:00:00',na,906,351.6698163
'01-Jun-2014 05:00:00',na,891.8333333,344.8232385
'01-Jun-2014 06:00:00',na,857.7916667,337.378132
'01-Jun-2014 07:00:00',na,846.75,331.1452707
'01-Jun-2014 08:00:00',na,818.5,325.3713073
'01-Jun-2014 09:00:00',na,794.25,316.9331508
'01-Jun-2014 10:00:00',na,781.5,305.8518153
'01-Jun-2014 11:00:00',na,774.25,288.3849195
'01-Jun-2014 12:00:00',na,761.125,294.0169945
'01-Jun-2014 13:00:00',na,755.125,299.6552373
'01-Jun-2014 14:00:00',na,737.8,289.2037093
'01-Jun-2014 15:00:00',na,739.6375,278.1719811
'01-Jun-2014 16:00:00',na,736,277.6227734
'01-Jun-2014 17:00:00',na,746.125,304.5164333
'01-Jun-2014 18:00:00',na,767.8125,313.7938729
'01-Jun-2014 19:00:00',na,807.9375,321.1273361
'01-Jun-2014 20:00:00',na,842.6875,325.1266952
'01-Jun-2014 21:00:00',na,864.875,327.170281
'01-Jun-2014 22:00:00',na,852.3125,327.6031727
'01-Jun-2014 23:00:00',na,850.3125,326.6585936
'02-Jun-2014 00:00:00',na,837,323.4339848
'02-Jun-2014 01:00:00',na,835.75,319.7988884
'02-Jun-2014 02:00:00',na,809.25,315.365878
'02-Jun-2014 03:00:00',na,789.5911105,309.2194807
'02-Jun-2014 04:00:00',na,771.3644421,302.020403
'02-Jun-2014 05:00:00',na,759.375,293.8281149
'02-Jun-2014 06:00:00',na,749,284.8776069
'02-Jun-2014 07:00:00',na,729.5,272.7804824
'02-Jun-2014 08:00:00',na,720.5,266.3552572
'02-Jun-2014 09:00:00',na,711,297.4179311
'02-Jun-2014 10:00:00',na,702.1875,297.6820624
'02-Jun-2014 11:00:00',na,690.0625,295.7331363
'02-Jun-2014 12:00:00',na,688,294.082319
'02-Jun-2014 13:00:00',na,679,292.1738126
'02-Jun-2014 14:00:00',na,677.375,290.4619946
'02-Jun-2014 15:00:00',na,695.125,289.7040274
'02-Jun-2014 16:00:00',na,706.6944444,287.4337439
'02-Jun-2014 17:00:00',na,727.875,287.2801144
'02-Jun-2014 18:00:00',na,756.4166667,287.1598513
'02-Jun-2014 19:00:00',na,797.4583333,288.4703385
'02-Jun-2014 20:00:00',na,833.25,290.0980447
'02-Jun-2014 21:00:00',na,850.625,292.319201
'02-Jun-2014 22:00:00',na,849,294.080806
'02-Jun-2014 23:00:00',na,854.5,295.892325
'03-Jun-2014 00:00:00',na,835.4285714,297.5158491
'03-Jun-2014 01:00:00',na,828.5714286,298.8915164
'03-Jun-2014 02:00:00',na,815,300.0072412
'03-Jun-2014 03:00:00',na,801,300.7375324
'03-Jun-2014 04:00:00',na,780,302.8880397
'03-Jun-2014 05:00:00',na,770.5,303.218757
'03-Jun-2014 06:00:00',na,752.5,302.797876
'03-Jun-2014 07:00:00',na,743.125,301.2716058
'03-Jun-2014 08:00:00',na,723.75,299.6341562
'03-Jun-2014 09:00:00',na,708.0896828,297.862409
'03-Jun-2014 10:00:00',na,699.429652,296.3185755
'03-Jun-2014 11:00:00',na,692,293.8718857
'03-Jun-2014 12:00:00',na,686.625,291.4956552
'03-Jun-2014 13:00:00',na,669.125,289.906078
'03-Jun-2014 14:00:00',na,675.1875,286.7074257
'03-Jun-2014 15:00:00',na,659.6875,281.2651713
'03-Jun-2014 16:00:00',na,663.3125,272.3862185
'03-Jun-2014 17:00:00',na,683.3125,262.328221
'03-Jun-2014 18:00:00',na,706.75,255.6415915
'03-Jun-2014 19:00:00',na,736.875,250.9347039
'03-Jun-2014 20:00:00',na,775.1428571,257.8073027
'03-Jun-2014 21:00:00',na,813.0054945,270.0975949
'03-Jun-2014 22:00:00',na,826.4615385,281.363735
'03-Jun-2014 23:00:00',na,835.25,287.2221768
'04-Jun-2014 00:00:00',na,823.75,290.6733984
'04-Jun-2014 01:00:00',na,809.875,292.4972681
'04-Jun-2014 02:00:00',na,778.75,293.3914002
'04-Jun-2014 03:00:00',na,759.6875,293.1618287
'04-Jun-2014 04:00:00',na,751.1875,292.3319468
'04-Jun-2014 05:00:00',na,743.125,290.8317012
'04-Jun-2014 06:00:00',na,723.25,289.8918498
'04-Jun-2014 07:00:00',na,711.125,286.9121892
'04-Jun-2014 08:00:00',na,695.875,283.4503185
'04-Jun-2014 09:00:00',na,688.7,279.0677572
'04-Jun-2014 10:00:00',na,679.05,272.6999934
'04-Jun-2014 11:00:00',na,661.6666667,264.064257
'04-Jun-2014 12:00:00',na,654.375,255.2709423
'04-Jun-2014 13:00:00',na,647.9583333,249.3736946
'04-Jun-2014 14:00:00',na,663.9166667,247.1181191
'04-Jun-2014 15:00:00',na,683.1428571,244.2881775
'04-Jun-2014 16:00:00',na,711.3571428,246.0057423
'04-Jun-2014 17:00:00',na,756,248.4367552
'04-Jun-2014 18:00:00',na,817.625,254.108077
'04-Jun-2014 19:00:00',na,845.5,273.0834133
'04-Jun-2014 20:00:00',na,861.25,289.3588041
'04-Jun-2014 21:00:00',na,887.8376625,292.8162861
'04-Jun-2014 22:00:00',na,1177.472385,299.8316706
'04-Jun-2014 23:00:00',na,1820.919354,478.1865748
'05-Jun-2014 00:00:00',na,2395.25,581.1270218
'05-Jun-2014 01:00:00',na,3349,658.8639457
'05-Jun-2014 02:00:00',na,3987,814.3778514
'05-Jun-2014 03:00:00',na,3948.394295,845.7818228
'05-Jun-2014 04:00:00',na,3555.892964,770.683538
'05-Jun-2014 05:00:00',na,3157.572581,693.3427161
'05-Jun-2014 06:00:00',na,2723.75,641.2414539
'05-Jun-2014 07:00:00',na,2393.665313,615.5967837
'05-Jun-2014 08:00:00',na,2119.182322,588.348848
'05-Jun-2014 09:00:00',na,1874.25,565.5184415
'05-Jun-2014 10:00:00',na,1656.5,549.6414605
'05-Jun-2014 11:00:00',na,1474.375,528.2410723
'05-Jun-2014 12:00:00',na,1342.875,485.3819
'05-Jun-2014 13:00:00',na,1265.5,467.0102766
'05-Jun-2014 14:00:00',na,1222.75,451.9663993
'05-Jun-2014 15:00:00',na,1197.375,438.5031227
'05-Jun-2014 16:00:00',na,1180.375,427.6930946
'05-Jun-2014 17:00:00',na,1157.75,418.3186784
'05-Jun-2014 18:00:00',na,1147,407.5748647
'05-Jun-2014 19:00:00',na,1140,399.7534385
'05-Jun-2014 20:00:00',na,1124.5,394.9559167
'05-Jun-2014 21:00:00',na,1109.6,390.8024666
'05-Jun-2014 22:00:00',na,1080.4,384.0311046
'05-Jun-2014 23:00:00',na,1048.3125,378.1397645
'06-Jun-2014 00:00:00',na,1023.875,374.2467886
'06-Jun-2014 01:00:00',na,993.5416667,371.3902198
'06-Jun-2014 02:00:00',na,967.3958333,366.9162942
'06-Jun-2014 03:00:00',na,940.4583333,361.6448975
'06-Jun-2014 04:00:00',na,931.4166667,356.455631
'06-Jun-2014 05:00:00',na,901.8764501,351.8814037
'06-Jun-2014 06:00:00',na,881.3013431,345.2795079
'06-Jun-2014 07:00:00',na,866.2762431,339.2922079
'06-Jun-2014 08:00:00',na,852.125,332.9047862
'06-Jun-2014 09:00:00',na,824.75,327.4895545
'06-Jun-2014 10:00:00',na,811.25,320.5423367
'06-Jun-2014 11:00:00',na,795.75,311.4485277
'06-Jun-2014 12:00:00',na,778,297.8705147
'06-Jun-2014 13:00:00',na,776.9,283.1457323
'06-Jun-2014 14:00:00',na,783.6,285.8020227
'06-Jun-2014 15:00:00',na,820.3282982,294.5023119
'06-Jun-2014 16:00:00',na,917.375,310.2928415
'06-Jun-2014 17:00:00',na,1035,322.1013229
'06-Jun-2014 18:00:00',na,1102.4,329.9277908
'06-Jun-2014 19:00:00',na,1113.6,338.8475429
'06-Jun-2014 20:00:00',na,1089,343.9553741
'06-Jun-2014 21:00:00',na,1058.25,344.7473665
'06-Jun-2014 22:00:00',na,1018.994957,343.504773
'06-Jun-2014 23:00:00',na,960,338.3121985
'07-Jun-2014 00:00:00',na,935.5,330.4456834
'07-Jun-2014 01:00:00',na,919.75,322.2592142
'07-Jun-2014 02:00:00',na,889.0625,310.4964885
'07-Jun-2014 03:00:00',na,850.3125,292.8697867
'07-Jun-2014 04:00:00',na,830.625,273.0601392
'07-Jun-2014 05:00:00',na,802.9,277.8816656
'07-Jun-2014 06:00:00',na,776.9706497,272.3040746
'07-Jun-2014 07:00:00',na,757.6646482,263.4842574
'07-Jun-2014 08:00:00',na,739.9166667,264.4337236
'07-Jun-2014 09:00:00',na,732.5625,285.0291687
'07-Jun-2014 10:00:00',na,731.3125,284.3946868
'07-Jun-2014 11:00:00',na,721.5681818,279.3204573
'07-Jun-2014 12:00:00',na,714.398827,274.2632306
'07-Jun-2014 13:00:00',na,715.8064516,268.7116778
'07-Jun-2014 14:00:00',na,718.1290323,264.31721
'07-Jun-2014 15:00:00',na,752.875,261.2940982
'07-Jun-2014 16:00:00',na,803.3659604,259.3481522
'07-Jun-2014 17:00:00',na,904.4222798,259.3759057
'07-Jun-2014 18:00:00',na,990,272.4436424
'07-Jun-2014 19:00:00',na,1006.75,309.640422
'07-Jun-2014 20:00:00',na,997.375,319.7460701
'07-Jun-2014 21:00:00',na,991.875,322.3125523
'07-Jun-2014 22:00:00',na,965.75,322.109766
'07-Jun-2014 23:00:00',na,926.75,319.612753
'08-Jun-2014 00:00:00',na,894.4166667,314.7258209
'08-Jun-2014 01:00:00',na,866.5833333,309.3009615
'08-Jun-2014 02:00:00',na,832.1427336,302.1820665
'08-Jun-2014 03:00:00',na,801,293.4608728
'08-Jun-2014 04:00:00',na,773.9375,281.926232
'08-Jun-2014 05:00:00',na,759.4375,266.7756293
'08-Jun-2014 06:00:00',na,730.875,257.1784918
'08-Jun-2014 07:00:00',na,722,254.124103
'08-Jun-2014 08:00:00',na,702.75,252.2896866
'08-Jun-2014 09:00:00',na,695.5,256.3703609
'08-Jun-2014 10:00:00',na,684.6666667,255.6473439
'08-Jun-2014 11:00:00',na,670.2916667,251.7518976
'08-Jun-2014 12:00:00',na,662.9166667,247.7253588
'08-Jun-2014 13:00:00',na,679.4,248.4573498
'08-Jun-2014 14:00:00',na,697.1151058,247.7944252
'08-Jun-2014 15:00:00',na,732.2114804,245.850626
'08-Jun-2014 16:00:00',na,776.6760397,245.1886612
'08-Jun-2014 17:00:00',na,838.9198564,246.6422059
'08-Jun-2014 18:00:00',na,888.125,251.7687099
'08-Jun-2014 19:00:00',na,890.010274,262.1038726
'08-Jun-2014 20:00:00',na,884.5,277.3688939
'08-Jun-2014 21:00:00',na,882.5,283.290599
'08-Jun-2014 22:00:00',na,872.125,285.820911
'08-Jun-2014 23:00:00',na,840.125,287.001045
'09-Jun-2014 00:00:00',na,818.375,288.0472276
'09-Jun-2014 01:00:00',na,793.5,288.1082172
'09-Jun-2014 02:00:00',na,765.8,287.6453585
'09-Jun-2014 03:00:00',na,750.75,286.3347427
'09-Jun-2014 04:00:00',na,731.5,284.8580881
'09-Jun-2014 05:00:00',na,714,283.458368
'09-Jun-2014 06:00:00',na,697,278.9864818
'09-Jun-2014 07:00:00',na,684,274.5007499
'09-Jun-2014 08:00:00',na,670.7,265.3479509
'09-Jun-2014 09:00:00',na,655.5555555,254.3466092
'09-Jun-2014 10:00:00',na,642.1875,246.6817578
'09-Jun-2014 11:00:00',na,624.6875,240.8211738
'09-Jun-2014 12:00:00',na,620,268.1931714
'09-Jun-2014 13:00:00',na,628.75,272.5503726
'09-Jun-2014 14:00:00',na,667.125,269.3583256
'09-Jun-2014 15:00:00',na,704,266.5386742
'09-Jun-2014 16:00:00',na,738.6666667,264.7068792
'09-Jun-2014 17:00:00',na,773.3333334,264.233606
'09-Jun-2014 18:00:00',na,790.5,265.7413792
'09-Jun-2014 19:00:00',na,788.7,270.3628622
'09-Jun-2014 20:00:00',na,769.8,274.6812391
'09-Jun-2014 21:00:00',na,756.5,278.9833789
'09-Jun-2014 22:00:00',na,740.6363636,258.7905505
'09-Jun-2014 23:00:00',na,738.4545455,249.8250806
'10-Jun-2014 00:00:00',na,734.2840909,246.0287047
'10-Jun-2014 01:00:00',na,717.5,243.615152
'10-Jun-2014 02:00:00',na,709.75,242.0521741
'10-Jun-2014 03:00:00',na,701.9,240.3797528
'10-Jun-2014 04:00:00',na,685.1,241.1318632
'10-Jun-2014 05:00:00',na,668.25,240.4722298
'10-Jun-2014 06:00:00',na,656.375,240.0530845
'10-Jun-2014 07:00:00',na,638.75,239.5529421
'10-Jun-2014 08:00:00',na,603.3239485,238.7290584
'10-Jun-2014 09:00:00',na,574.8825216,237.9849042
'10-Jun-2014 10:00:00',na,544.7630373,236.0692692
'10-Jun-2014 11:00:00',na,529.55,236.1937062
'10-Jun-2014 12:00:00',na,516.5,235.660582
'10-Jun-2014 13:00:00',na,509,232.8230979
'10-Jun-2014 14:00:00',na,529.25,233.283987
'10-Jun-2014 15:00:00',na,590.75,233.1788475
'10-Jun-2014 16:00:00',na,652.0833334,229.7446631
'10-Jun-2014 17:00:00',na,696.7916667,228.8958622
'10-Jun-2014 18:00:00',na,719,234.5964654
'10-Jun-2014 19:00:00',na,737.125,247.2866011
'10-Jun-2014 20:00:00',na,735.875,255.7246001
'10-Jun-2014 21:00:00',na,740.25,261.9549793
'10-Jun-2014 22:00:00',na,735.125,266.2407874
'10-Jun-2014 23:00:00',na,722.75,264.4687635
'11-Jun-2014 00:00:00',na,720.25,265.9634243
'11-Jun-2014 01:00:00',na,692,266.9569803
'11-Jun-2014 02:00:00',na,682.75,267.7721937
'11-Jun-2014 03:00:00',na,662.1875,267.4547981
'11-Jun-2014 04:00:00',na,654.6875,266.6115267
'11-Jun-2014 05:00:00',na,652.5,266.0521125
'11-Jun-2014 06:00:00',na,636.25,265.1640356
'11-Jun-2014 07:00:00',na,625.625,263.3820649
'11-Jun-2014 08:00:00',na,602.375,261.9572562
'11-Jun-2014 09:00:00',na,577,259.774558
'11-Jun-2014 10:00:00',na,548.5,257.2073996
'11-Jun-2014 11:00:00',na,523.6388889,255.5718074
'11-Jun-2014 12:00:00',na,504.4444444,252.7868718
'11-Jun-2014 13:00:00',na,486.6666667,238.1438756
'11-Jun-2014 14:00:00',na,489.05,230.7235249
'11-Jun-2014 15:00:00',na,530.7,228.8647218
'11-Jun-2014 16:00:00',na,579.5,226.8088104
'11-Jun-2014 17:00:00',na,626.5,228.104273
'11-Jun-2014 18:00:00',na,670.5,252.7961873
'11-Jun-2014 19:00:00',na,682.625,257.5033841
'11-Jun-2014 20:00:00',na,685.5,262.2619345
'11-Jun-2014 21:00:00',na,684,260.0680897
'11-Jun-2014 22:00:00',na,684.5714286,259.9867224
'11-Jun-2014 23:00:00',na,662.8571428,259.5692179
'12-Jun-2014 00:00:00',na,641.5,259.0026062
'12-Jun-2014 01:00:00',na,601.75,249.5144735
'12-Jun-2014 02:00:00',na,574.375,240.4602578
'12-Jun-2014 03:00:00',na,541.5625,231.7612633
'12-Jun-2014 04:00:00',na,520.0625,229.4490154
'12-Jun-2014 05:00:00',na,497.25,227.9851249
'12-Jun-2014 06:00:00',na,473.65,224.1440594
'12-Jun-2014 07:00:00',na,451.975,223.2820886
'12-Jun-2014 08:00:00',na,438,235.1416098
'12-Jun-2014 09:00:00',na,424.6666666,239.7345311
'12-Jun-2014 10:00:00',na,411.3333333,239.6369802
'12-Jun-2014 11:00:00',na,398,235.8084834
'12-Jun-2014 12:00:00',na,384.6666666,231.6357881
'12-Jun-2014 13:00:00',na,371.3333333,227.6646892
'12-Jun-2014 14:00:00',na,365.8125,225.3065322
'12-Jun-2014 15:00:00',na,373.3125,225.5042022
'12-Jun-2014 16:00:00',na,393.7012542,226.2883018
'12-Jun-2014 17:00:00',na,435.5712656,231.6769636
'12-Jun-2014 18:00:00',na,479.6370577,244.4149148
'12-Jun-2014 19:00:00',na,577.1167018,253.157779
'12-Jun-2014 20:00:00',na,831.1875,237.5681855
'12-Jun-2014 21:00:00',na,918.8125,241.1854961
'12-Jun-2014 22:00:00',na,894.1648515,260.9757846
'12-Jun-2014 23:00:00',na,843.2574258,269.6510804
'13-Jun-2014 00:00:00',na,814.6666667,267.8658542
'13-Jun-2014 01:00:00',na,770.3333333,268.2308952
'13-Jun-2014 02:00:00',na,739.5,273.3719694
'13-Jun-2014 03:00:00',na,924.2271072,277.6978017
'13-Jun-2014 04:00:00',na,2118.125,258.9915156
'13-Jun-2014 05:00:00',na,2073.2377,270.5626273
'13-Jun-2014 06:00:00',na,1767.887804,330.0488032
'13-Jun-2014 07:00:00',na,1500.705868,378.496164
'13-Jun-2014 08:00:00',na,1296.625,370.7783216
'13-Jun-2014 09:00:00',na,1208,360.9009372
'13-Jun-2014 10:00:00',na,1128.625,354.0226279
'13-Jun-2014 11:00:00',na,1041.75,347.5649029
'13-Jun-2014 12:00:00',na,998.125,339.720823
'13-Jun-2014 13:00:00',na,964.875,330.8324514
'13-Jun-2014 14:00:00',na,919.7499999,323.0442595
'13-Jun-2014 15:00:00',na,898,309.9087646
'13-Jun-2014 16:00:00',na,876.25,293.0913139
'13-Jun-2014 17:00:00',na,855,265.1722416
'13-Jun-2014 18:00:00',na,853.8461538,260.3724627
'13-Jun-2014 19:00:00',na,836,259.2077526
'13-Jun-2014 20:00:00',na,818.1538461,258.9492299
'13-Jun-2014 21:00:00',na,803.125,257.3080866
'13-Jun-2014 22:00:00',na,784.875,254.8286857
'13-Jun-2014 23:00:00',na,766,254.5589035
'14-Jun-2014 00:00:00',na,755.875,254.4389791
'14-Jun-2014 01:00:00',na,726.75,254.6188784
'14-Jun-2014 02:00:00',na,686.525,251.392631
'14-Jun-2014 03:00:00',na,646.5999999,248.8785795
'14-Jun-2014 04:00:00',na,612.9999999,251.2743228
'14-Jun-2014 05:00:00',na,579.3999999,250.0258877
'14-Jun-2014 06:00:00',na,547.3692307,249.8018329
'14-Jun-2014 07:00:00',na,521.6153846,242.730594
'14-Jun-2014 08:00:00',na,496.3846153,246.4226823
'14-Jun-2014 09:00:00',na,472.7307692,238.6897194
'14-Jun-2014 10:00:00',na,458.75,241.3774285
'14-Jun-2014 11:00:00',na,434.8125,239.5064669
'14-Jun-2014 12:00:00',na,419.625,239.4316486
'14-Jun-2014 13:00:00',na,406.625,239.8549339
'14-Jun-2014 14:00:00',na,393.625,234.3619716
'14-Jun-2014 15:00:00',na,380.625,232.142484
'14-Jun-2014 16:00:00',na,368.3713235,233.9709719
'14-Jun-2014 17:00:00',na,365.0735294,233.4453411
'14-Jun-2014 18:00:00',na,364.0147059,232.2760815
'14-Jun-2014 19:00:00',na,362.9558824,232.130094
'14-Jun-2014 20:00:00',na,361.8970588,226.408293
'14-Jun-2014 21:00:00',na,360.8382353,222.9415688
'14-Jun-2014 22:00:00',na,359.7794118,224.4504921
'14-Jun-2014 23:00:00',na,358.7205882,224.3273482
'15-Jun-2014 00:00:00',na,357.6617647,224.8286776
'15-Jun-2014 01:00:00',na,354.84375,224.7967641
'15-Jun-2014 02:00:00',na,349.09375,224.8602406
'15-Jun-2014 03:00:00',na,343.34375,224.6382421
'15-Jun-2014 04:00:00',na,337.59375,220.0499229
'15-Jun-2014 05:00:00',na,331.84375,220.0819997
'15-Jun-2014 06:00:00',na,326.09375,220.2420321
'15-Jun-2014 07:00:00',na,320.34375,218.9588391
'15-Jun-2014 08:00:00',na,314.59375,219.9219338
'15-Jun-2014 09:00:00',na,308.84375,217.6673594
'15-Jun-2014 10:00:00',na,303.09375,213.7515666
'15-Jun-2014 11:00:00',na,297.34375,217.7111612
'15-Jun-2014 12:00:00',na,291.59375,220.55928
'15-Jun-2014 13:00:00',na,285.84375,209.4086416
'15-Jun-2014 14:00:00',na,280.09375,218.1762095
'15-Jun-2014 15:00:00',na,274.34375,217.482282
'15-Jun-2014 16:00:00',na,268.59375,216.159599
'15-Jun-2014 17:00:00',na,264.9318182,214.6095831
'15-Jun-2014 18:00:00',na,264.75,214.9008702
'15-Jun-2014 19:00:00',na,264.5681818,215.1919732
'15-Jun-2014 20:00:00',na,264.3863636,215.0626807
'15-Jun-2014 21:00:00',na,264.2045455,215.1413289
'15-Jun-2014 22:00:00',na,264.0227273,215.3877832
'15-Jun-2014 23:00:00',na,263.8409091,214.3696758
'16-Jun-2014 00:00:00',na,263.6590909,215.6569203
'16-Jun-2014 01:00:00',na,263.4772727,215.4466719
'16-Jun-2014 02:00:00',na,263.2954545,215.3123581
'16-Jun-2014 03:00:00',na,263.1136364,215.1399205
'16-Jun-2014 04:00:00',na,260.9473684,215.213264
'16-Jun-2014 05:00:00',na,255.4736842,215.3225642
'16-Jun-2014 06:00:00',na,250,214.7390548
'16-Jun-2014 07:00:00',na,244.5263158,214.6093718
'16-Jun-2014 08:00:00',na,239.0526316,211.7520283
'16-Jun-2014 09:00:00',na,233.5789474,212.1101895
'16-Jun-2014 10:00:00',na,228.1052632,212.1427284
'16-Jun-2014 11:00:00',na,222.631579,211.9148755
'16-Jun-2014 12:00:00',na,217.1578947,210.8702161
'16-Jun-2014 13:00:00',na,211.6842105,211.7843052
'16-Jun-2014 14:00:00',na,206.2105263,211.9474324
'16-Jun-2014 15:00:00',na,200.7368421,211.523923
'16-Jun-2014 16:00:00',na,195.2631579,203.1747807
'16-Jun-2014 17:00:00',na,189.7894737,206.2080631
'16-Jun-2014 18:00:00',na,185.3264803,207.9750784
'16-Jun-2014 19:00:00',na,184.90625,207.7077343
'16-Jun-2014 20:00:00',na,184.8229167,207.8784356
'16-Jun-2014 21:00:00',na,184.7395833,208.3581301
'16-Jun-2014 22:00:00',na,184.65625,208.7534692
'16-Jun-2014 23:00:00',na,184.5729167,208.7720963
'17-Jun-2014 00:00:00',na,184.4895833,209.8730938
'17-Jun-2014 01:00:00',na,184.40625,209.6253969
'17-Jun-2014 02:00:00',na,184.3229167,209.5320174
'17-Jun-2014 03:00:00',na,184.2395833,207.9241958
'17-Jun-2014 04:00:00',na,184.15625,209.4665671
'17-Jun-2014 05:00:00',na,184.0729167,208.9753536
'17-Jun-2014 06:00:00',na,183.382327,208.9753443
'17-Jun-2014 07:00:00',na,180.2627119,207.7943437
'17-Jun-2014 08:00:00',na,176.940678,206.0494093
'17-Jun-2014 09:00:00',na,173.6186441,205.6212354
'17-Jun-2014 10:00:00',na,170.2966102,205.5222314
'17-Jun-2014 11:00:00',na,166.9745763,205.6871904
'17-Jun-2014 12:00:00',na,163.6525424,205.7202299
'17-Jun-2014 13:00:00',na,160.3305085,205.7202109
'17-Jun-2014 14:00:00',na,157.0084746,205.2910693
'17-Jun-2014 15:00:00',na,153.6864407,205.5222314
'17-Jun-2014 16:00:00',na,150.3644068,205.4562001
'17-Jun-2014 17:00:00',na,147.0423729,204.95974
'17-Jun-2014 18:00:00',na,143.720339,203.3714528
'17-Jun-2014 19:00:00',na,140.3983051,201.7078841
'17-Jun-2014 20:00:00',na,137.0762712,203.1723456
'17-Jun-2014 21:00:00',na,134.875,203.4713661
'17-Jun-2014 22:00:00',na,134.5416667,203.6879919
'17-Jun-2014 23:00:00',na,134.2083333,203.5889342
'18-Jun-2014 00:00:00',na,133.875,204.1600658
'18-Jun-2014 01:00:00',na,133.5416667,204.5623387
'18-Jun-2014 02:00:00',na,133.2083333,204.8119402
'18-Jun-2014 03:00:00',na,132.875,204.926659
'18-Jun-2014 04:00:00',na,132.5416667,204.8020821
'18-Jun-2014 05:00:00',na,132.2083333,204.7294336
'18-Jun-2014 06:00:00',na,131.875,203.526115
'18-Jun-2014 07:00:00',na,131.5416667,204.2829713
'18-Jun-2014 08:00:00',na,131.2083333,204.3112299
'18-Jun-2014 09:00:00',na,130.875,204.0372613
'18-Jun-2014 10:00:00',na,130.5416667,203.6862815
'18-Jun-2014 11:00:00',na,130.2083333,203.7258924
'18-Jun-2014 12:00:00',na,129.4919355,203.5457101
'18-Jun-2014 13:00:00',na,128.1370968,203.5509132
'18-Jun-2014 14:00:00',na,126.7822581,203.4078424
'18-Jun-2014 15:00:00',na,125.4274194,203.1726999
'18-Jun-2014 16:00:00',na,124.0725806,203.6367052
'18-Jun-2014 17:00:00',na,122.7177419,203.6367149
'18-Jun-2014 18:00:00',na,121.3629032,203.5703945
'18-Jun-2014 19:00:00',na,120.0080645,203.2055789
'18-Jun-2014 20:00:00',na,118.6532258,203.4046082
'18-Jun-2014 21:00:00',na,117.2983871,203.4377829
'18-Jun-2014 22:00:00',na,115.9435484,203.4046082
'18-Jun-2014 23:00:00',na,114.5887097,201.674925
'19-Jun-2014 00:00:00',na,113.233871,203.5041481
'19-Jun-2014 01:00:00',na,111.8790323,203.5043797
'19-Jun-2014 02:00:00',na,110.5241936,203.3717487
'19-Jun-2014 03:00:00',na,109.1891459,203.3054089
'19-Jun-2014 04:00:00',na,108.0915909,203.0396269
'19-Jun-2014 05:00:00',na,107.0534091,203.0728212
'19-Jun-2014 06:00:00',na,106.0152273,203.4377829
'19-Jun-2014 07:00:00',na,104.9770455,203.2718992
'19-Jun-2014 08:00:00',na,103.9388636,203.2387634
'19-Jun-2014 09:00:00',na,102.9006818,203.105996
'19-Jun-2014 10:00:00',na,101.8625,202.9400635
'19-Jun-2014 11:00:00',na,100.8243182,202.0740308
'19-Jun-2014 12:00:00',na,99.78613636,203.3713846
'19-Jun-2014 13:00:00',na,98.74795455,203.3382781
'19-Jun-2014 14:00:00',na,97.70977273,202.8736651
'19-Jun-2014 15:00:00',na,96.67159091,202.8072472
'19-Jun-2014 16:00:00',na,95.63340909,202.8072472
'19-Jun-2014 17:00:00',na,94.59522727,194.0315751
'19-Jun-2014 18:00:00',na,93.55704545,198.2839733
'19-Jun-2014 19:00:00',na,92.51886364,198.478449
'19-Jun-2014 20:00:00',na,91.48068182,198.6285891
'19-Jun-2014 21:00:00',na,90.4425,198.663873
'19-Jun-2014 22:00:00',na,89.40431818,198.7318795
'19-Jun-2014 23:00:00',na,88.36613636,198.4837757
'20-Jun-2014 00:00:00',na,87.32795455,198.5713021
'20-Jun-2014 01:00:00',na,86.28977273,198.5154598
'20-Jun-2014 02:00:00',na,85.25159091,197.2922695
'20-Jun-2014 03:00:00',na,84.21340909,198.6627503
'20-Jun-2014 04:00:00',na,83.17522727,198.7564381
'20-Jun-2014 05:00:00',na,82.13704545,198.8074032
'20-Jun-2014 06:00:00',na,81.09886364,198.7719104
'20-Jun-2014 07:00:00',na,80.06068182,198.2573574
'20-Jun-2014 08:00:00',na,79.0225,197.725961
'20-Jun-2014 09:00:00',na,77.98431818,197.8885871
'20-Jun-2014 10:00:00',na,76.94613636,198.1237317
'20-Jun-2014 11:00:00',na,75.90795455,198.0854085
'20-Jun-2014 12:00:00',na,74.86977273,197.8678898
'20-Jun-2014 13:00:00',na,73.83159091,197.41146
'20-Jun-2014 14:00:00',na,72.79340909,197.9672116
'20-Jun-2014 15:00:00',na,71.75522727,196.5701715
'20-Jun-2014 16:00:00',na,70.71704545,198.1389613
'20-Jun-2014 17:00:00',na,69.67886364,198.0003662
'20-Jun-2014 18:00:00',na,68.64068182,197.8332423
'20-Jun-2014 19:00:00',na,67.6025,197.9671967
'20-Jun-2014 20:00:00',na,66.56431818,197.8317531
'20-Jun-2014 21:00:00',na,65.52613636,197.6971819
'20-Jun-2014 22:00:00',na,64.48795455,197.5627916
'20-Jun-2014 23:00:00',na,63.44977273,197.8315312
'21-Jun-2014 00:00:00',na,62.41159091,197.8315312
'21-Jun-2014 01:00:00',na,61.37340909,197.7643617
'21-Jun-2014 02:00:00',na,60.33522727,197.8986699
'21-Jun-2014 03:00:00',na,59.29704545,196.6189876
'21-Jun-2014 04:00:00',na,58.25886364,197.2590084
'21-Jun-2014 05:00:00',na,57.22068182,197.8315312
'21-Jun-2014 06:00:00',na,56.1825,197.8986802
'21-Jun-2014 07:00:00',na,55.14431818,197.9658292
'21-Jun-2014 08:00:00',na,54.10613636,197.9322649
'21-Jun-2014 09:00:00',na,53.06795455,197.8986904
'21-Jun-2014 10:00:00',na,52.07149542,198.1336607
'21-Jun-2014 11:00:00',na,51.57570868,198.1672249
'21-Jun-2014 12:00:00',na,51.20509002,197.8315209
'21-Jun-2014 13:00:00',na,50.83447137,197.8315004
'21-Jun-2014 14:00:00',na,50.46385271,197.9322649
'21-Jun-2014 15:00:00',na,50.09323405,197.9994139
'21-Jun-2014 16:00:00',na,49.7226154,197.7979054
'21-Jun-2014 17:00:00',na,49.35199674,196.2494188
'21-Jun-2014 18:00:00',na,48.98137809,193.2358624
'21-Jun-2014 19:00:00',na,48.61075943,192.288484
'21-Jun-2014 20:00:00',na,48.24014078,191.812018
'21-Jun-2014 21:00:00',na,47.86952212,192.8667961
'21-Jun-2014 22:00:00',na,47.49890347,193.0026374
'21-Jun-2014 23:00:00',na,47.12828481,195.2363441
'22-Jun-2014 00:00:00',na,46.75766616,196.0817183
'22-Jun-2014 01:00:00',na,46.3870475,196.3514206
'22-Jun-2014 02:00:00',na,46.01642885,196.3177222
'22-Jun-2014 03:00:00',na,45.64581019,196.2503149
'22-Jun-2014 04:00:00',na,45.27519153,196.0872206
'22-Jun-2014 05:00:00',na,44.90457288,196.1042909
'22-Jun-2014 06:00:00',na,44.53395422,196.065443
'22-Jun-2014 07:00:00',na,44.16333557,195.9642955
'22-Jun-2014 08:00:00',na,43.79271691,196.0635744
'22-Jun-2014 09:00:00',na,43.42209826,195.988442
'22-Jun-2014 10:00:00',na,43.0514796,195.9815848
'22-Jun-2014 11:00:00',na,42.68086095,195.8797089
'22-Jun-2014 12:00:00',na,42.31024229,196.1154794
'22-Jun-2014 13:00:00',na,41.93962364,196.115469
'22-Jun-2014 14:00:00',na,41.56900498,195.9806127
'22-Jun-2014 15:00:00',na,41.19838632,196.0480095
'22-Jun-2014 16:00:00',na,40.82776767,196.1829076
'22-Jun-2014 17:00:00',na,40.45714901,196.6209041
'22-Jun-2014 18:00:00',na,40.08653036,196.4187967
'22-Jun-2014 19:00:00',na,39.7159117,196.216606
'22-Jun-2014 20:00:00',na,39.34529305,196.1154794
'22-Jun-2014 21:00:00',na,38.97467439,196.0480513
'22-Jun-2014 22:00:00',na,38.60405574,195.5743512
'22-Jun-2014 23:00:00',na,38.23343708,195.5406006
'23-Jun-2014 00:00:00',na,37.86281843,196.0817601
'23-Jun-2014 01:00:00',na,37.49219977,196.0480513
'23-Jun-2014 02:00:00',na,37.12158111,196.1154898
'23-Jun-2014 03:00:00',na,36.75096246,196.1154898
'23-Jun-2014 04:00:00',na,36.3803438,196.1491987
'23-Jun-2014 05:00:00',na,36.00972515,196.2503149
'23-Jun-2014 06:00:00',na,35.63910649,195.9806022
'23-Jun-2014 07:00:00',na,35.26848784,196.0143007
'23-Jun-2014 08:00:00',na,34.89786918,193.2201885
'23-Jun-2014 09:00:00',na,34.52725053,186.4321114
'23-Jun-2014 10:00:00',na,34.15663187,199.6446231
'23-Jun-2014 11:00:00',na,33.78601322,198.4662171
'23-Jun-2014 12:00:00',na,33.41539456,184.2881195
'23-Jun-2014 13:00:00',na,33.04477591,199.5093119
'23-Jun-2014 14:00:00',na,32.67415725,192.5960092
'23-Jun-2014 15:00:00',na,32.30353859,182.9199494
'23-Jun-2014 16:00:00',na,31.93291994,192.4589705
'23-Jun-2014 17:00:00',na,31.56230128,192.1528609
'23-Jun-2014 18:00:00',na,31.19168263,191.9852481
'23-Jun-2014 19:00:00',na,30.82106397,192.4858812
'23-Jun-2014 20:00:00',na,34.76193586,206.2965948
'23-Jun-2014 21:00:00',na,95.85283494,256.8410291
'23-Jun-2014 22:00:00',na,294.5988265,394.4907932
'23-Jun-2014 23:00:00',na,480.5,357.635096
'24-Jun-2014 00:00:00',na,481.7777778,338.0428767
'24-Jun-2014 01:00:00',na,446.2222222,321.3614043
'24-Jun-2014 02:00:00',na,417.6538462,296.9942931
'24-Jun-2014 03:00:00',na,400.7307693,271.4085353
'24-Jun-2014 04:00:00',na,383.8076923,259.2157095
'24-Jun-2014 05:00:00',na,371.8200944,262.1430857
'24-Jun-2014 06:00:00',na,482.4998254,265.8146812
'24-Jun-2014 07:00:00',na,991.8803191,505.6613049
'24-Jun-2014 08:00:00',na,1745.126027,605.5261501
'24-Jun-2014 09:00:00',na,2095.416667,614.5955781
'24-Jun-2014 10:00:00',na,2282.083333,639.8562946
'24-Jun-2014 11:00:00',na,2468.251196,667.2851611
'24-Jun-2014 12:00:00',na,2615,682.422053
'24-Jun-2014 13:00:00',na,2509,666.0695824
'24-Jun-2014 14:00:00',na,2208,622.6680151
'24-Jun-2014 15:00:00',na,1900,590.1810361
'24-Jun-2014 16:00:00',na,1569.732143,556.6542325
'24-Jun-2014 17:00:00',na,1386.243902,516.9092501
'24-Jun-2014 18:00:00',na,1274.875,471.1729507
'24-Jun-2014 19:00:00',na,1203.125,444.9119669
'24-Jun-2014 20:00:00',na,1124.5,425.0127214
'24-Jun-2014 21:00:00',na,1070,410.6190303
'24-Jun-2014 22:00:00',na,1033.75,398.9484422
'24-Jun-2014 23:00:00',na,989.1,389.7476147
'25-Jun-2014 00:00:00',na,940.75,382.2058433
'25-Jun-2014 01:00:00',na,911.75,374.2717991
'25-Jun-2014 02:00:00',na,862.6477132,365.3895824
'25-Jun-2014 03:00:00',na,825.212448,359.6512143
'25-Jun-2014 04:00:00',na,786.75,351.9889961
'25-Jun-2014 05:00:00',na,750.375,343.7702079
'25-Jun-2014 06:00:00',na,714,336.3622058
'25-Jun-2014 07:00:00',na,670.671831,328.3983769
'25-Jun-2014 08:00:00',na,636.7605634,318.0339231
'25-Jun-2014 09:00:00',na,600.3084506,302.1660901
'25-Jun-2014 10:00:00',na,568,281.485348
'25-Jun-2014 11:00:00',na,532.0454546,271.7369975
'25-Jun-2014 12:00:00',na,504.7727273,270.2202789
'25-Jun-2014 13:00:00',na,479.6818182,263.1139674
'25-Jun-2014 14:00:00',na,464,263.6510262
'25-Jun-2014 15:00:00',na,450.1111111,263.6733346
'25-Jun-2014 16:00:00',na,427.8888889,257.6010408
'25-Jun-2014 17:00:00',na,409.21875,262.3900501
'25-Jun-2014 18:00:00',na,396.46875,258.5324617
'25-Jun-2014 19:00:00',na,383.71875,257.2201086
'25-Jun-2014 20:00:00',na,370.96875,258.6218005
'25-Jun-2014 21:00:00',na,360.4946809,261.3785432
'25-Jun-2014 22:00:00',na,353.8138298,264.633005
'25-Jun-2014 23:00:00',na,347.1329787,258.0473793
'26-Jun-2014 00:00:00',na,340.4521277,262.3234216
'26-Jun-2014 01:00:00',na,333.7712766,262.1534067
'26-Jun-2014 02:00:00',na,327.0904255,262.1238181
'26-Jun-2014 03:00:00',na,320.4095745,262.0942294
'26-Jun-2014 04:00:00',na,313.7287234,262.1238181
'26-Jun-2014 05:00:00',na,307.0478723,262.1238181
'26-Jun-2014 06:00:00',na,300.3670213,261.5918846
'26-Jun-2014 07:00:00',na,293.6861702,261.30552
'26-Jun-2014 08:00:00',na,287.0053192,262.0976331
'26-Jun-2014 09:00:00',na,280.3244681,262.0646407
'26-Jun-2014 10:00:00',na,273.643617,262.0054513
'26-Jun-2014 11:00:00',na,266.962766,261.946262
'26-Jun-2014 12:00:00',na,260.2819149,261.8574478
'26-Jun-2014 13:00:00',na,253.6010638,260.5530451
'26-Jun-2014 14:00:00',na,246.9202128,255.1881481
'26-Jun-2014 15:00:00',na,240.2393617,254.9614125
'26-Jun-2014 16:00:00',na,233.5585106,258.6142562
'26-Jun-2014 17:00:00',na,226.8776596,253.5265387
'26-Jun-2014 18:00:00',na,220.1968085,252.9686297
'26-Jun-2014 19:00:00',na,213.5159574,255.3361564
'26-Jun-2014 20:00:00',na,207.0526596,251.1606837
'26-Jun-2014 21:00:00',na,203.2,247.0859383
'26-Jun-2014 22:00:00',na,200,246.656697
'26-Jun-2014 23:00:00',na,196.8,246.762878
'27-Jun-2014 00:00:00',na,193.6,243.90448
'27-Jun-2014 01:00:00',na,190.4,238.5275051
'27-Jun-2014 02:00:00',na,187.2,239.5160914
'27-Jun-2014 03:00:00',na,184,239.5160914
'27-Jun-2014 04:00:00',na,180.8,239.485272
'27-Jun-2014 05:00:00',na,177.6,237.6865538
'27-Jun-2014 06:00:00',na,174.4,232.9116707
'27-Jun-2014 07:00:00',na,171.2,238.4641741
'27-Jun-2014 08:00:00',na,168,229.9188983
'27-Jun-2014 09:00:00',na,164.8,234.7162395
'27-Jun-2014 10:00:00',na,161.6,229.7915299
'27-Jun-2014 11:00:00',na,158.4,227.3586075
'27-Jun-2014 12:00:00',na,155.2,223.8129658
'27-Jun-2014 13:00:00',na,152,223.9082696
'27-Jun-2014 14:00:00',na,148.8,212.9425217
'27-Jun-2014 15:00:00',na,145.6,221.7149133
'27-Jun-2014 16:00:00',na,142.4,218.1577101
'27-Jun-2014 17:00:00',na,139.2,216.1596431
'27-Jun-2014 18:00:00',na,136,220.8007891
'27-Jun-2014 19:00:00',na,132.8,210.382064
'27-Jun-2014 20:00:00',na,129.6,221.3678091
'27-Jun-2014 21:00:00',na,126.4,209.5827282
'27-Jun-2014 22:00:00',na,123.2,206.0932685
'27-Jun-2014 23:00:00',na,120,210.2516436
'28-Jun-2014 00:00:00',na,116.8,212.6631169
'28-Jun-2014 01:00:00',na,113.9587687,206.8502662
'28-Jun-2014 02:00:00',na,112.5526119,204.4832261
'28-Jun-2014 03:00:00',na,111.2660448,211.3435719
'28-Jun-2014 04:00:00',na,109.9794776,209.0081294
'28-Jun-2014 05:00:00',na,108.6929104,209.1391591
'28-Jun-2014 06:00:00',na,107.4063433,209.1391498
'28-Jun-2014 07:00:00',na,106.1197761,209.0080925
'28-Jun-2014 08:00:00',na,104.833209,208.9098295
'28-Jun-2014 09:00:00',na,103.5466418,207.8899837
'28-Jun-2014 10:00:00',na,102.2600746,199.0077343
'28-Jun-2014 11:00:00',na,100.9735075,208.1400621
'28-Jun-2014 12:00:00',na,99.6869403,209.793745
'28-Jun-2014 13:00:00',na,98.40037314,206.4069114
'28-Jun-2014 14:00:00',na,97.11380597,202.6743917
'28-Jun-2014 15:00:00',na,95.82723881,202.7076154
'28-Jun-2014 16:00:00',na,94.54067164,202.7072719
'28-Jun-2014 17:00:00',na,93.25410448,201.3755315
'28-Jun-2014 18:00:00',na,91.96753732,203.3783152
'28-Jun-2014 19:00:00',na,90.68097015,203.5244963
'28-Jun-2014 20:00:00',na,89.39440299,203.4406867
'28-Jun-2014 21:00:00',na,88.10783582,202.9687368
'28-Jun-2014 22:00:00',na,86.82126866,202.9841654
'28-Jun-2014 23:00:00',na,85.53470149,203.3673937
'29-Jun-2014 00:00:00',na,84.24813433,203.3830513
'29-Jun-2014 01:00:00',na,82.96156717,203.1060309
'29-Jun-2014 02:00:00',na,81.675,202.3426909
'29-Jun-2014 03:00:00',na,80.38843284,201.6939216
'29-Jun-2014 04:00:00',na,79.10186567,201.9151483
'29-Jun-2014 05:00:00',na,77.81529851,201.9466096
'29-Jun-2014 06:00:00',na,76.52873134,201.7504417
'29-Jun-2014 07:00:00',na,75.24216418,201.0006533
'29-Jun-2014 08:00:00',na,73.95559702,200.3912687
'29-Jun-2014 09:00:00',na,72.66902985,201.4166837
'29-Jun-2014 10:00:00',na,71.38246269,208.4349118
'29-Jun-2014 11:00:00',na,94.68812135,216.6310238
'29-Jun-2014 12:00:00',na,2001.5,523.3981215
'29-Jun-2014 13:00:00',na,4327.193946,908.9836988
'29-Jun-2014 14:00:00',na,5084,991.2402843
'29-Jun-2014 15:00:00',na,5353.75,1287.869881
'29-Jun-2014 16:00:00',na,5240.5,1660.379301
'29-Jun-2014 17:00:00',na,5065.25,1480.290889
'29-Jun-2014 18:00:00',na,5111.625,1328.387664
'29-Jun-2014 19:00:00',na,5375.25,1493.168038
'29-Jun-2014 20:00:00',na,5529.5,1838.810228
'29-Jun-2014 21:00:00',na,5251.375,1708.252306
'29-Jun-2014 22:00:00',na,4916.5,1453.388005
'29-Jun-2014 23:00:00',na,4449,1107.993439
'30-Jun-2014 00:00:00',na,3893,936.4283077
'30-Jun-2014 01:00:00',na,3503.875,770.2147393
'30-Jun-2014 02:00:00',na,3177.8,700.1392826
'30-Jun-2014 03:00:00',na,2876.878769,665.8803177
'30-Jun-2014 04:00:00',na,2662.357143,644.6471003
'30-Jun-2014 05:00:00',na,2529.357143,618.4923733
'30-Jun-2014 06:00:00',na,2415,602.290235
'30-Jun-2014 07:00:00',na,2586.75,615.3064178
'30-Jun-2014 08:00:00',na,2938.25,689.3030785
'30-Jun-2014 09:00:00',na,3108.25,738.4731357
'30-Jun-2014 10:00:00',na,2991.5,707.5633268
'30-Jun-2014 11:00:00',na,2701.25,660.3374388
'30-Jun-2014 12:00:00',na,2609,639.9462322
'30-Jun-2014 13:00:00',na,2667.25,647.4267348
'30-Jun-2014 14:00:00',na,2819,675.1839443
'30-Jun-2014 15:00:00',na,2959.625,689.1546039
'30-Jun-2014 16:00:00',na,2965.75,704.9057408
'30-Jun-2014 17:00:00',na,2748.125,679.7814471
'30-Jun-2014 18:00:00',na,2528.625,642.5439663
'30-Jun-2014 19:00:00',na,2305.866279,619.3223939
'30-Jun-2014 20:00:00',na,2114.362829,594.861678
'30-Jun-2014 21:00:00',na,1926.021985,572.3627558
'30-Jun-2014 22:00:00',na,1760,556.249015
'30-Jun-2014 23:00:00',na,1590.25,542.5724095
'01-Jul-2014 00:00:00',na,1435.5,495.2183341
'01-Jul-2014 01:00:00',na,1317.462343,476.3624946
'01-Jul-2014 02:00:00',na,1240.25,458.4892174
'01-Jul-2014 03:00:00',na,1163,442.7648713
'01-Jul-2014 04:00:00',na,1094.5,430.001014
'01-Jul-2014 05:00:00',na,1051.375,417.8861861
'01-Jul-2014 06:00:00',na,1002.625,408.7490293
'01-Jul-2014 07:00:00',na,969.0803917,400.5016842
'01-Jul-2014 08:00:00',na,933.4024036,390.7832945
'01-Jul-2014 09:00:00',na,910.0833334,384.5555498
'01-Jul-2014 10:00:00',na,885.875,378.008363
'01-Jul-2014 11:00:00',na,861.6875,371.4135491
'01-Jul-2014 12:00:00',na,847.4375,366.5749069
'01-Jul-2014 13:00:00',na,827.1297071,361.5879776
'01-Jul-2014 14:00:00',na,809.75,355.6291091
'01-Jul-2014 15:00:00',na,786,348.5497766
'01-Jul-2014 16:00:00',na,767.4,341.1823495
'01-Jul-2014 17:00:00',na,762.6833333,335.2560331
'01-Jul-2014 18:00:00',na,747.9166667,327.6298054
'01-Jul-2014 19:00:00',na,745.375,315.7412083
'01-Jul-2014 20:00:00',na,738.3333333,299.6985558
'01-Jul-2014 21:00:00',na,720.25,283.0993755
'01-Jul-2014 22:00:00',na,715.9166667,286.2755378
'01-Jul-2014 23:00:00',na,695.6111111,275.2571032
'02-Jul-2014 00:00:00',na,693.3888889,297.5820331
'02-Jul-2014 01:00:00',na,684.125,296.4258516
'02-Jul-2014 02:00:00',na,675.59375,288.5964709
'02-Jul-2014 03:00:00',na,663.5625,283.0042469
'02-Jul-2014 04:00:00',na,650.96875,275.1219297
'02-Jul-2014 05:00:00',na,650,268.1986611
'02-Jul-2014 06:00:00',na,633.125,263.8210758
'02-Jul-2014 07:00:00',na,638.75,261.0737377
'02-Jul-2014 08:00:00',na,625.9375,264.5984627
'02-Jul-2014 09:00:00',na,628.4375,264.0209535
'02-Jul-2014 10:00:00',na,617.8835045,260.7416484
'02-Jul-2014 11:00:00',na,610.6539519,257.6885018
'02-Jul-2014 12:00:00',na,611.2512496,255.3476877
'02-Jul-2014 13:00:00',na,612.4508497,255.2015913
'02-Jul-2014 14:00:00',na,613.6504498,252.9294864
'02-Jul-2014 15:00:00',na,618.3591458,252.1182991
'02-Jul-2014 16:00:00',na,685.4054286,263.2679913
'02-Jul-2014 17:00:00',na,1352.256849,329.8977951
'02-Jul-2014 18:00:00',na,2976.022726,818.2342507
'02-Jul-2014 19:00:00',na,3689.5,923.1185036
'02-Jul-2014 20:00:00',na,3520.875,888.6179306
'02-Jul-2014 21:00:00',na,3125.053032,755.0051756
'02-Jul-2014 22:00:00',na,2645.086229,677.2053821
'02-Jul-2014 23:00:00',na,2315.25,638.6681722
'03-Jul-2014 00:00:00',na,2004.5,607.9571211
'03-Jul-2014 01:00:00',na,1750.5,579.5316821
'03-Jul-2014 02:00:00',na,1492.193515,557.9659376
'03-Jul-2014 03:00:00',na,1324.575581,543.5599704
'03-Jul-2014 04:00:00',na,1251.25,503.0071027
'03-Jul-2014 05:00:00',na,1192.25,472.4234921
'03-Jul-2014 06:00:00',na,1147.75,453.5328021
'03-Jul-2014 07:00:00',na,1078.625,438.5958242
'03-Jul-2014 08:00:00',na,1025.875,425.5309101
'03-Jul-2014 09:00:00',na,989.5,415.5756014
'03-Jul-2014 10:00:00',na,969.5,405.1328193
'03-Jul-2014 11:00:00',na,925,397.4819091
'03-Jul-2014 12:00:00',na,911,388.8184385
'03-Jul-2014 13:00:00',na,876,380.888115
'03-Jul-2014 14:00:00',na,858,372.8927128
'03-Jul-2014 15:00:00',na,833.5,367.6771349
'03-Jul-2014 16:00:00',na,821.5,361.9075415
'03-Jul-2014 17:00:00',na,792.5,353.8300396
'03-Jul-2014 18:00:00',na,780.75,345.5417933
'03-Jul-2014 19:00:00',na,758.75,339.5852208
'03-Jul-2014 20:00:00',na,752.75,332.7271689
'03-Jul-2014 21:00:00',na,738,325.6658448
'03-Jul-2014 22:00:00',na,718.75,311.0907313
'03-Jul-2014 23:00:00',na,709.8672199,290.8263281
'04-Jul-2014 00:00:00',na,703.25,296.2827522
'04-Jul-2014 01:00:00',na,685.375,309.9375243
'04-Jul-2014 02:00:00',na,684,302.4089792
'04-Jul-2014 03:00:00',na,665.375,292.288207
'04-Jul-2014 04:00:00',na,657.25,281.3090332
'04-Jul-2014 05:00:00',na,651.25,270.1255153
'04-Jul-2014 06:00:00',na,643.75,264.6031705
'04-Jul-2014 07:00:00',na,629.375,290.484317
'04-Jul-2014 08:00:00',na,620.625,294.889183
'04-Jul-2014 09:00:00',na,621.875,292.6064477
'04-Jul-2014 10:00:00',na,610,289.9121076
'04-Jul-2014 11:00:00',na,600.625,285.789522
'04-Jul-2014 12:00:00',na,593.625,279.3959155
'04-Jul-2014 13:00:00',na,593.1666667,270.6394918
'04-Jul-2014 14:00:00',na,578.8333333,260.8077519
'04-Jul-2014 15:00:00',na,573.35,255.8040144
'04-Jul-2014 16:00:00',na,562.7,251.9947124
'04-Jul-2014 17:00:00',na,549.9722222,250.7278616
'04-Jul-2014 18:00:00',na,531.5,247.6687402
'04-Jul-2014 19:00:00',na,519.5,251.5066946
'04-Jul-2014 20:00:00',na,507.5,255.0524125
'04-Jul-2014 21:00:00',na,495.5,256.9106456
'04-Jul-2014 22:00:00',na,483.5,253.4181705
'04-Jul-2014 23:00:00',na,471.5714286,248.6794073
'05-Jul-2014 00:00:00',2.898352912,459.7619048,246.2028703
'05-Jul-2014 01:00:00',5.38163739,447.952381,242.2816014
'05-Jul-2014 02:00:00',6.163859847,436.1428572,255.8505108
'05-Jul-2014 03:00:00',6.684071035,424.3333334,267.4655006
'05-Jul-2014 04:00:00',6.346505858,418.4880952,267.3250625
'05-Jul-2014 05:00:00',6.397761157,407.3920455,263.5253066
'05-Jul-2014 06:00:00',5.554621918,398.9886364,258.3472988
'05-Jul-2014 07:00:00',6.229392417,393.2613636,251.6062656
'05-Jul-2014 08:00:00',4.233074504,387.5340909,239.3634243
'05-Jul-2014 09:00:00',4.16416982,381.8068182,233.7195351
'05-Jul-2014 10:00:00',3.103072389,376.0795454,232.0942653
'05-Jul-2014 11:00:00',2.293291157,370.3522727,231.9823038
'05-Jul-2014 12:00:00',2.802369795,364.625,231.1915177
'05-Jul-2014 13:00:00',0.944014223,358.8977273,227.0242035
'05-Jul-2014 14:00:00',-1.398011562,353.1704545,229.0879539
'05-Jul-2014 15:00:00',-3.54644427,347.4431818,229.5010906
'05-Jul-2014 16:00:00',-5.440593221,341.8289657,228.8058538
'05-Jul-2014 17:00:00',-5.842117225,337.5714286,227.9837951
'05-Jul-2014 18:00:00',-4.336459114,333.6530612,227.3512376
'05-Jul-2014 19:00:00',-3.943763002,329.7346939,226.8107949
'05-Jul-2014 20:00:00',-5.150754017,325.8163265,226.4441962
'05-Jul-2014 21:00:00',-5.303642965,321.8979592,226.5388101
'05-Jul-2014 22:00:00',-6.168597744,317.9795918,226.5376239
'05-Jul-2014 23:00:00',-6.888640633,314.0612245,222.857652
'06-Jul-2014 00:00:00',-7.769198124,310.1428571,240.814568
'06-Jul-2014 01:00:00',-7.622300526,306.2244898,237.8454196
'06-Jul-2014 02:00:00',-7.519574068,302.3061225,233.9769681
'06-Jul-2014 03:00:00',-7.39603218,298.3877551,228.3079065
'06-Jul-2014 04:00:00',-7.0138019,294.4693878,225.1839439
'06-Jul-2014 05:00:00',-6.886807243,290.5510204,222.3705469
'06-Jul-2014 06:00:00',-6.768003421,286.6326531,221.0871467
'06-Jul-2014 07:00:00',-6.768003421,282.7142857,220.344653
'06-Jul-2014 08:00:00',-6.411450677,278.7959184,220.1497271
'06-Jul-2014 09:00:00',-6.189374975,274.877551,220.1460766
'06-Jul-2014 10:00:00',-5.96767453,270.9591837,220.1140012
'06-Jul-2014 11:00:00',-5.864223034,267.0408163,217.8657896
'06-Jul-2014 12:00:00',-5.657058968,263.122449,216.5943535
'06-Jul-2014 13:00:00',-5.075549769,259.2040816,216.7912376
'06-Jul-2014 14:00:00',-4.894726467,255.2857143,217.188836
'06-Jul-2014 15:00:00',-4.985138118,251.3673469,217.0604246
'06-Jul-2014 16:00:00',-4.004940366,247.4489796,216.828484
'06-Jul-2014 17:00:00',-3.524821749,243.5306123,216.4845528
'06-Jul-2014 18:00:00',-2.872389185,239.6122449,215.5469531
'06-Jul-2014 19:00:00',-2.338015581,235.6938776,215.8378938
'06-Jul-2014 20:00:00',-1.931133997,231.7755102,216.3868717
'06-Jul-2014 21:00:00',-1.564245443,227.8571429,211.0107024
'06-Jul-2014 22:00:00',-1.339921577,223.9387755,220.7858688
'06-Jul-2014 23:00:00',-1.122614615,220.0204082,217.3537392
'07-Jul-2014 00:00:00',-1.057780408,216.1020408,215.9355315
'07-Jul-2014 01:00:00',-0.923050688,212.1836735,207.9562208
'07-Jul-2014 02:00:00',-0.818014681,208.2653061,223.2750994
'07-Jul-2014 03:00:00',-0.769980034,204.3469388,223.8980413
'07-Jul-2014 04:00:00',-0.73956881,200.4285714,218.8561202
'07-Jul-2014 05:00:00',-0.669335377,196.9020408,215.3716169
'07-Jul-2014 06:00:00',-0.683092063,194.9428571,210.8138915
'07-Jul-2014 07:00:00',-0.618187357,193.1142857,209.1550126
'07-Jul-2014 08:00:00',-0.536363619,191.2857143,210.2893758
'07-Jul-2014 09:00:00',-0.571325165,189.4571429,210.4801256
'07-Jul-2014 10:00:00',-0.684359111,187.6285714,210.545392
'07-Jul-2014 11:00:00',-0.634329051,185.8,210.3494349
'07-Jul-2014 12:00:00',-0.440457495,183.9714286,210.2514199
'07-Jul-2014 13:00:00',-0.219009521,182.1428571,210.0226237
'07-Jul-2014 14:00:00',0,180.3142857,208.646808
'07-Jul-2014 15:00:00',0,178.4857143,207.9257076
'07-Jul-2014 16:00:00',0,176.6571429,208.0903583
'07-Jul-2014 17:00:00',0,174.8285714,208.3925571
'07-Jul-2014 18:00:00',0,173,208.3597534
'07-Jul-2014 19:00:00',0.000110169,171.1714286,208.3196776
'07-Jul-2014 20:00:00',0.00052215,169.3428571,208.1883236
'07-Jul-2014 21:00:00',0.001319756,167.5142857,208.4670974
'07-Jul-2014 22:00:00',0.002164455,165.6857143,209.4920255
'07-Jul-2014 23:00:00',-143.6763052,183.75,242.6233438
'08-Jul-2014 00:00:00',-232.4961668,290.7499999,300.4882579
'08-Jul-2014 01:00:00',279.1892671,728.5858696,338.3699069
'08-Jul-2014 02:00:00',573.9094796,986.6873082,508.2295996
'08-Jul-2014 03:00:00',574.7522595,1130.654334,486.5275123
'08-Jul-2014 04:00:00',530.5208059,1097.5,448.7175395
'08-Jul-2014 05:00:00',469.5057245,1025.4375,422.0574756
'08-Jul-2014 06:00:00',378.1292652,965.625,404.8170951
'08-Jul-2014 07:00:00',328.4233385,909,391.5118597
'08-Jul-2014 08:00:00',304.8277992,883.375,378.2302038
'08-Jul-2014 09:00:00',295.2874675,880.0980862,369.099884
'08-Jul-2014 10:00:00',302.0555729,1116.053666,464.8583358
'08-Jul-2014 11:00:00',610.3696706,2880.287128,674.8269656
'08-Jul-2014 12:00:00',1147.611136,3985.373296,818.0826005
'08-Jul-2014 13:00:00',1343.985132,4934.25,986.9111835
'08-Jul-2014 14:00:00',1681.783432,5044,1244.598881
'08-Jul-2014 15:00:00',1909.699537,4912.75,1372.781288
'08-Jul-2014 16:00:00',1977.721677,4691.5,1198.603445
'08-Jul-2014 17:00:00',2066.356205,4621.5,1055.710377
'08-Jul-2014 18:00:00',2081.123437,4927,1075.937196
'08-Jul-2014 19:00:00',2082.113307,5062,1234.252399
'08-Jul-2014 20:00:00',2228.921893,5097.25,1357.213227
'08-Jul-2014 21:00:00',2272.564098,5050.875,1311.586607
'08-Jul-2014 22:00:00',2245.841647,5296.789474,1321.045899
'08-Jul-2014 23:00:00',2440.518854,5538.625,1414.771404
'09-Jul-2014 00:00:00',2725.553239,5693.875,1527.948865
'09-Jul-2014 01:00:00',3422.586965,5792.25,1680.523777
'09-Jul-2014 02:00:00',3999.161001,5678.75,1789.559516
'09-Jul-2014 03:00:00',3958.64949,5895.25,1979.469791
'09-Jul-2014 04:00:00',4221.352493,5689.75,2133.28018
'09-Jul-2014 05:00:00',4268.112661,5678.75,2164.830891
'09-Jul-2014 06:00:00',4501.436245,5744.625,2076.778488
'09-Jul-2014 07:00:00',4377.593498,5976.25,2031.896907
'09-Jul-2014 08:00:00',4173.070824,5649.75,1949.168165
'09-Jul-2014 09:00:00',4189.717988,5244.5,1711.316913
'09-Jul-2014 10:00:00',4076.163808,4890.270408,1388.250957
'09-Jul-2014 11:00:00',3665.244545,4639,1087.920984
'09-Jul-2014 12:00:00',3080.697088,4518.625,987.3204673
'09-Jul-2014 13:00:00',3231.405898,4336.520694,951.8113716
'09-Jul-2014 14:00:00',2925.022167,4181.59713,895.6455467
'09-Jul-2014 15:00:00',2566.308677,4098.5,859.5882421
'09-Jul-2014 16:00:00',3279.326595,4084.625,848.9573732
'09-Jul-2014 17:00:00',2574.533128,4040.625,822.4689666
'09-Jul-2014 18:00:00',2648.713634,3927.75,805.2306652
'09-Jul-2014 19:00:00',2323.82153,3869.25,781.2634143
'09-Jul-2014 20:00:00',2241.20545,3824.25,768.712001
'09-Jul-2014 21:00:00',2312.310566,3772.5,775.2957604
'09-Jul-2014 22:00:00',2306.409609,3716.25,767.1706469
'09-Jul-2014 23:00:00',2333.482429,3501,734.306008
'10-Jul-2014 00:00:00',2256.207978,3349.25,701.4330556
'10-Jul-2014 01:00:00',2134.072797,3227,688.6083479
'10-Jul-2014 02:00:00',2108.229257,3236.125,686.7349559
'10-Jul-2014 03:00:00',2146.302883,3148.225,665.2211965
'10-Jul-2014 04:00:00',2017.513312,2907.4,640.8586259
'10-Jul-2014 05:00:00',2083.059593,2667.75,623.8574402
'10-Jul-2014 06:00:00',1902.725638,2435.068549,604.8649268
'10-Jul-2014 07:00:00',1878.442221,2287.25,587.5905719
'10-Jul-2014 08:00:00',1759.498589,2160.125,573.344009
'10-Jul-2014 09:00:00',1830.115165,2061.375,560.1903743
'10-Jul-2014 10:00:00',1727.45586,1958.125,549.968131
'10-Jul-2014 11:00:00',1638.156792,1847.875,543.7510531
'10-Jul-2014 12:00:00',1564.125208,1800.875,542.02122
'10-Jul-2014 13:00:00',1524.561901,1793,544.1196089
'10-Jul-2014 14:00:00',1538.036399,1814.5,544.7437856
'10-Jul-2014 15:00:00',1481.699552,1864.75,542.7871905
'10-Jul-2014 16:00:00',1424.506205,1887.25,538.6624513
'10-Jul-2014 17:00:00',1339.776463,1907,540.6413659
'10-Jul-2014 18:00:00',1383.038772,1993.107218,546.4590155
'10-Jul-2014 19:00:00',1274.773957,2071.25,552.7480381
'10-Jul-2014 20:00:00',1309.290947,2084.5,552.7454188
'10-Jul-2014 21:00:00',1301.950735,2033.875,548.5820884
'10-Jul-2014 22:00:00',1319.63458,2020.875,543.46784
'10-Jul-2014 23:00:00',1363.343311,2121.761628,541.065094
'11-Jul-2014 00:00:00',1300.111941,2193.892857,544.5497893
'11-Jul-2014 01:00:00',1329.00224,2235,550.3681227
'11-Jul-2014 02:00:00',1346.65546,2334.5,559.9268675
'11-Jul-2014 03:00:00',1363.831999,2950.75,574.0721073
'11-Jul-2014 04:00:00',1462.453122,4847.839573,744.1231425
'11-Jul-2014 05:00:00',1945.213453,5836.25,1097.224467
'11-Jul-2014 06:00:00',2823.764464,6525.5,1901.679472
'11-Jul-2014 07:00:00',4310.948567,6360,2324.481005
'11-Jul-2014 08:00:00',4460.739724,5995.75,2049.891027
'11-Jul-2014 09:00:00',4345.052486,5284,1686.478638
'11-Jul-2014 10:00:00',3911.993052,4929.375,1368.812152
'11-Jul-2014 11:00:00',3745.633904,4493.779447,1067.571453
'11-Jul-2014 12:00:00',3335.769366,4159.257813,946.2651747
'11-Jul-2014 13:00:00',3008.656773,3836.5,831.2970917
'11-Jul-2014 14:00:00',2879.489124,3551.5,747.6675511
'11-Jul-2014 15:00:00',2677.317,3271.75,692.9645353
'11-Jul-2014 16:00:00',2539.750397,3025.784672,664.0717403
'11-Jul-2014 17:00:00',2411.233705,2726.25,631.737288
'11-Jul-2014 18:00:00',2253.936765,2516.625,607.7481215
'11-Jul-2014 19:00:00',2216.550431,2364.125,584.8120648
'11-Jul-2014 20:00:00',2089.042836,2233.75,570.5262629
'11-Jul-2014 21:00:00',2055.487743,2130.75,554.9600745
'11-Jul-2014 22:00:00',1945.1992,2068.375,543.5644351
'11-Jul-2014 23:00:00',1875.297528,1978.131579,506.6013433
'12-Jul-2014 00:00:00',1836.536167,1885.5,481.0278292
'12-Jul-2014 01:00:00',1865.493292,1787.0625,465.3208724
'12-Jul-2014 02:00:00',1748.820627,1696.5625,452.7584429
'12-Jul-2014 03:00:00',1676.457181,1610.75,440.6690057
'12-Jul-2014 04:00:00',1631.955851,1518,432.420033
'12-Jul-2014 05:00:00',1540.458844,1461.5,423.7797649
'12-Jul-2014 06:00:00',1433.74228,1381.75,416.5763314
'12-Jul-2014 07:00:00',1433.123214,1336.75,411.2264541
'12-Jul-2014 08:00:00',1342.734113,1709.5,438.1451905
'12-Jul-2014 09:00:00',1289.16955,2934.658377,612.6616002
'12-Jul-2014 10:00:00',1457.815611,3239.5,653.747243
'12-Jul-2014 11:00:00',1511.818207,3035.75,641.5438268
'12-Jul-2014 12:00:00',1536.992819,2720.5,627.5127447
'12-Jul-2014 13:00:00',1502.390807,2436.625,608.3139941
'12-Jul-2014 14:00:00',1414.709883,2250,589.3709841
'12-Jul-2014 15:00:00',1437.559367,2099,571.7073857
'12-Jul-2014 16:00:00',1404.151819,1955.991607,558.5745124
'12-Jul-2014 17:00:00',1291.968905,1803.504756,546.6685929
'12-Jul-2014 18:00:00',1250.712773,1647.05,520.2870263
'12-Jul-2014 19:00:00',1210.57215,1532.2,510.7327049
'12-Jul-2014 20:00:00',1114.907503,1624.625,624.3873235
'12-Jul-2014 21:00:00',1283.744167,1967.145161,657.483163
'12-Jul-2014 22:00:00',1489.305233,2467.078125,723.367533
'12-Jul-2014 23:00:00',1728.681387,2744.375,737.745274
'13-Jul-2014 00:00:00',1705.196885,2662.779289,695.5498485
'13-Jul-2014 01:00:00',1720.794219,2451.75,650.3328393
'13-Jul-2014 02:00:00',1711.174842,2281.125,628.3738923
'13-Jul-2014 03:00:00',1643.629049,2128.125,604.6483051
'13-Jul-2014 04:00:00',1591.364868,1996.625,585.5040874
'13-Jul-2014 05:00:00',1445.172714,1893.75,568.270066
'13-Jul-2014 06:00:00',1430.337227,1737.75,556.7658307
'13-Jul-2014 07:00:00',1353.08245,1653.25,549.0132163
'13-Jul-2014 08:00:00',1303.301055,1625.75,547.2573587
'13-Jul-2014 09:00:00',1240.530175,1652,548.6926018
'13-Jul-2014 10:00:00',1250.105367,1640.5,545.2730316
'13-Jul-2014 11:00:00',1182.676285,1585.375,541.7375328
'13-Jul-2014 12:00:00',1190.036507,1510.239726,527.4197413
'13-Jul-2014 13:00:00',1161.329337,1435.745327,492.0036958
'13-Jul-2014 14:00:00',1099.574665,1400.987342,477.7814023
'13-Jul-2014 15:00:00',1057.627087,1333.5,467.2206602
'13-Jul-2014 16:00:00',1010.365407,1265.5,455.6943046
'13-Jul-2014 17:00:00',989.1537745,1206.4375,446.8413838
'13-Jul-2014 18:00:00',960.6930999,1144.5875,438.3986099
'13-Jul-2014 19:00:00',909.4859508,1107.6,431.7787559
'13-Jul-2014 20:00:00',910.9128346,1089,426.396015
'13-Jul-2014 21:00:00',837.0393181,1061,420.0187781
'13-Jul-2014 22:00:00',811.4135937,1042.375,413.4476669
'13-Jul-2014 23:00:00',754.7639633,1021.75,408.4467101
'14-Jul-2014 00:00:00',773.8345145,1006.75,402.5758568
'14-Jul-2014 01:00:00',720.8821094,970.7,398.165377
'14-Jul-2014 02:00:00',652.833405,959.3,393.2230483
'14-Jul-2014 03:00:00',633.4075421,951.25,390.0282229
'14-Jul-2014 04:00:00',634.0373679,951.5,386.4367618
'14-Jul-2014 05:00:00',623.566422,949.5,384.8030371
'14-Jul-2014 06:00:00',608.3773836,958.625,383.0332344
'14-Jul-2014 07:00:00',627.0400951,946,380.8288729
'14-Jul-2014 08:00:00',589.5396509,946,378.3716941
'14-Jul-2014 09:00:00',601.2751772,954.75,375.3108392
'14-Jul-2014 10:00:00',581.4534329,954.75,374.6021698
'14-Jul-2014 11:00:00',592.0350178,958.25,376.2013002
'14-Jul-2014 12:00:00',574.304168,989.5,383.0085528
'14-Jul-2014 13:00:00',579.1117814,1024.5,390.538317
'14-Jul-2014 14:00:00',588.3654856,1046.25,394.2229015
'14-Jul-2014 15:00:00',565.6240356,1047.8125,393.1513655
'14-Jul-2014 16:00:00',547.1560941,1032.75,392.285248
'14-Jul-2014 17:00:00',522.2715388,1007.625,387.8792901
'14-Jul-2014 18:00:00',516.170348,984,383.0085582
'14-Jul-2014 19:00:00',487.9122445,962.25,377.9327309
'14-Jul-2014 20:00:00',477.2293159,933.1666667,372.9412201
'14-Jul-2014 21:00:00',455.5443497,916.0137131,367.2866328
'14-Jul-2014 22:00:00',440.0651626,900,367.3444485
'14-Jul-2014 23:00:00',462.383511,974.8214285,839.0209411
'15-Jul-2014 00:00:00',880.6694607,1171.428571,1105.166822
'15-Jul-2014 01:00:00',1183.109566,1887.705882,969.909073
'15-Jul-2014 02:00:00',1399.785768,2750.75,891.9712226
'15-Jul-2014 03:00:00',1652.804072,4280.195652,1031.326499
'15-Jul-2014 04:00:00',1782.027452,4269.5,1071.344533
'15-Jul-2014 05:00:00',1930.535194,3834.375,947.7578115
'15-Jul-2014 06:00:00',1935.129332,3393.25,877.1678805
'15-Jul-2014 07:00:00',1819.800878,3026.353637,743.7575863
'15-Jul-2014 08:00:00',1701.627083,2643.25,687.4493204
'15-Jul-2014 09:00:00',1646.533115,2380.548077,654.2981062
'15-Jul-2014 10:00:00',1525.009969,2139.166001,628.603987
'15-Jul-2014 11:00:00',1505.182254,1992.5,601.9175614
'15-Jul-2014 12:00:00',1380.337871,1858,580.6792601
'15-Jul-2014 13:00:00',1358.446989,1689.975,564.874465
'15-Jul-2014 14:00:00',1267.028115,1550.3125,550.2420671
'15-Jul-2014 15:00:00',1248.873124,1424.75,529.5790802
'15-Jul-2014 16:00:00',1111.479986,1340.625,488.2957591
'15-Jul-2014 17:00:00',1112.021825,1263.5,469.1443646
'15-Jul-2014 18:00:00',1038.262768,1177.875,450.0044753
'15-Jul-2014 19:00:00',993.9854302,1100.875,437.461519
'15-Jul-2014 20:00:00',932.6624336,1054.5,423.9134415
'15-Jul-2014 21:00:00',867.4400185,1028.125,413.0835785
'15-Jul-2014 22:00:00',827.9082138,980.7324059,407.1634103
'15-Jul-2014 23:00:00',755.4842137,954.0922675,396.5648306
'16-Jul-2014 00:00:00',714.5432168,911.2916667,389.3966719
'16-Jul-2014 01:00:00',664.2107783,888.8333333,384.0193006
'16-Jul-2014 02:00:00',641.4549949,871,377.5721506
'16-Jul-2014 03:00:00',619.2894395,845.875,371.8431438
'16-Jul-2014 04:00:00',543.2736486,834.4659686,368.554197
'16-Jul-2014 05:00:00',532.9306624,822.85,363.4775284
'16-Jul-2014 06:00:00',506.5548248,807.275,357.8817531
'16-Jul-2014 07:00:00',502.2038938,802.375,353.067997
'16-Jul-2014 08:00:00',465.9378867,789,346.6186418
'16-Jul-2014 09:00:00',445.5464549,775.1979978,343.8560061
'16-Jul-2014 10:00:00',424.7957681,766.7861998,339.9285305
'16-Jul-2014 11:00:00',409.9876677,765.125,334.9847464
'16-Jul-2014 12:00:00',386.3455404,750.25,328.7922776
'16-Jul-2014 13:00:00',373.3174825,744.25,321.2199032
'16-Jul-2014 14:00:00',360.3059688,743.1785714,311.5799015
'16-Jul-2014 15:00:00',347.8385043,730.3214286,301.2572225
'16-Jul-2014 16:00:00',319.1702622,717.4642857,286.0136599
'16-Jul-2014 17:00:00',303.5321729,707.9107143,275.6458944
'16-Jul-2014 18:00:00',284.2633973,707.7142857,271.5680648
'16-Jul-2014 19:00:00',262.7820026,696.2857143,271.6947176
'16-Jul-2014 20:00:00',241.4173546,683.6911765,269.8969035
'16-Jul-2014 21:00:00',218.5053512,671.6764706,266.7592171
'16-Jul-2014 22:00:00',206.4718555,666.7352941,268.0745646
'16-Jul-2014 23:00:00',189.445407,661.7941176,265.5301223
'17-Jul-2014 00:00:00',167.268176,656.8529412,265.1130742
'17-Jul-2014 01:00:00',153.3510001,646.25,263.5844566
'17-Jul-2014 02:00:00',142.1694161,635.625,262.5683382
'17-Jul-2014 03:00:00',126.8124946,633.5,261.6942645
'17-Jul-2014 04:00:00',115.6391402,627.75,264.747717
'17-Jul-2014 05:00:00',102.5954231,617.5,262.0375186
'17-Jul-2014 06:00:00',85.0282126,610,259.2472996
'17-Jul-2014 07:00:00',74.03583736,605.8271049,257.2198833
'17-Jul-2014 08:00:00',60.43865678,596.7501126,254.070001
'17-Jul-2014 09:00:00',54.6292889,587.6731202,255.0054055
'17-Jul-2014 10:00:00',46.04921919,588.8970588,253.2483693
'17-Jul-2014 11:00:00',40.38450939,582.0588235,252.3221073
'17-Jul-2014 12:00:00',36.02383129,576.4117647,252.0951631
'17-Jul-2014 13:00:00',26.95940369,570.7647059,249.7379447
'17-Jul-2014 14:00:00',19.97362839,565.1176471,249.0982054
'17-Jul-2014 15:00:00',13.10765836,562.5,249.0181019
'17-Jul-2014 16:00:00',5.53011694,560,248.9545669
'17-Jul-2014 17:00:00',-0.663111712,557.3333333,244.3874929
'17-Jul-2014 18:00:00',-4.332118916,548.8666667,247.8455747
'17-Jul-2014 19:00:00',-9.458308812,544.8,243.9295484
'17-Jul-2014 20:00:00',-14.34649356,537.5,244.0782928
'17-Jul-2014 21:00:00',-18.78463585,535.2916667,243.2317381
'17-Jul-2014 22:00:00',-23.00191985,527.5823706,242.3116909
'17-Jul-2014 23:00:00',-25.99412683,522.991335,239.1753791
'18-Jul-2014 00:00:00',-26.76163797,514.6666667,236.6754146
'18-Jul-2014 01:00:00',-26.66787126,504,236.0937371
'18-Jul-2014 02:00:00',-28.30240248,493.3333333,234.8702261
'18-Jul-2014 03:00:00',-28.9527185,483.6666667,232.9115112
'18-Jul-2014 04:00:00',-29.8150712,475.40625,233.0674983
'18-Jul-2014 05:00:00',-31.1001723,463.15625,227.1590264
'18-Jul-2014 06:00:00',-32.56317636,450.90625,231.001876
'18-Jul-2014 07:00:00',-33.49264816,438.65625,229.9106244
'18-Jul-2014 08:00:00',-34.017889,438.05,228.6777212
'18-Jul-2014 09:00:00',-28.91824573,434.8,226.9723638
'18-Jul-2014 10:00:00',-26.83424702,428.4,227.8097172
'18-Jul-2014 11:00:00',-25.06047171,422,227.9950643
'18-Jul-2014 12:00:00',-19.72610666,415.6,228.5872828
'18-Jul-2014 13:00:00',-13.66994853,409.2,228.3353916
'18-Jul-2014 14:00:00',-9.021796535,402.8,228.2094478
'18-Jul-2014 15:00:00',-5.015854619,396.4,225.96838
'18-Jul-2014 16:00:00',-3.250632741,390,224.2247051
'18-Jul-2014 17:00:00',-0.743442567,383.6,226.189953
'18-Jul-2014 18:00:00',0.422794926,377.65,220.3617275
'18-Jul-2014 19:00:00',0.560944264,373.5,225.4608408
'18-Jul-2014 20:00:00',1.341711669,369.5,223.5565421
'18-Jul-2014 21:00:00',1.366538359,365.5,219.8835122
'18-Jul-2014 22:00:00',0.372628789,361.5,217.073963
'18-Jul-2014 23:00:00',-1.7902494,357.5,216.9456217
'19-Jul-2014 00:00:00',-3.260327942,353.5,217.0779613
'19-Jul-2014 01:00:00',-4.218903347,349.5,219.9836838
'19-Jul-2014 02:00:00',-4.998588535,345.5,220.8138402
'19-Jul-2014 03:00:00',-6.574544067,341.5,220.6187269
'19-Jul-2014 04:00:00',-7.024469348,337.5,220.5983246
'19-Jul-2014 05:00:00',-7.757373375,333.5,220.49796
'19-Jul-2014 06:00:00',-8.664167824,329.5,220.2099971
'19-Jul-2014 07:00:00',-9.679328412,325.5,220.0499815
'19-Jul-2014 08:00:00',-10.58755604,321.5,220.1460194
'19-Jul-2014 09:00:00',-11.33588899,317.5,216.4073345
'19-Jul-2014 10:00:00',-12.50892105,313.5,210.9919448
'19-Jul-2014 11:00:00',-13.15908197,309.5,219.4743151
'19-Jul-2014 12:00:00',-14.36839966,305.5,221.6484065
'19-Jul-2014 13:00:00',-14.03645344,301.5,215.8642818
'19-Jul-2014 14:00:00',-14.39326908,297.5,215.9181345
'19-Jul-2014 15:00:00',-13.47537261,293.5,215.9313837
'19-Jul-2014 16:00:00',-12.51670398,289.5,215.9121036
'19-Jul-2014 17:00:00',-11.68802302,285.5,215.6989386
'19-Jul-2014 18:00:00',-11.28206336,281.5,214.1247569
'19-Jul-2014 19:00:00',-10.90198507,277.5,215.321335
'19-Jul-2014 20:00:00',-10.71172157,273.5,215.4505663
'19-Jul-2014 21:00:00',-10.34292099,269.5,215.3859399
'19-Jul-2014 22:00:00',-10.16510808,265.5,209.5553336
'19-Jul-2014 23:00:00',-10.52073391,261.5,211.8467323
'20-Jul-2014 00:00:00',-10.34249864,257.5,209.2068839
'20-Jul-2014 01:00:00',-10.51946686,253.5,213.9233112
'20-Jul-2014 02:00:00',-10.70989163,249.8508065,213.1552655
'20-Jul-2014 03:00:00',-10.53250107,247.6048387,211.8887108
'20-Jul-2014 04:00:00',-10.52031156,245.4758065,210.7686299
'20-Jul-2014 05:00:00',-10.51946686,243.3467742,210.323432
'20-Jul-2014 06:00:00',-10.16468573,241.2177419,209.956702
'20-Jul-2014 07:00:00',-10.34207629,239.0887097,209.8053532
'20-Jul-2014 08:00:00',-10.34165394,236.9596774,209.9251295
'20-Jul-2014 09:00:00',-9.809904602,234.8306452,209.7609602
'20-Jul-2014 10:00:00',-9.477996533,232.7016129,209.3741633
'20-Jul-2014 11:00:00',-9.14533795,230.5725806,209.4474827
'20-Jul-2014 12:00:00',-9.14533795,228.4435484,209.4474919
'20-Jul-2014 13:00:00',-8.52282561,226.3145161,209.3704831
'20-Jul-2014 14:00:00',-8.231653268,224.1854839,209.2374683
'20-Jul-2014 15:00:00',-7.940701264,222.0564516,207.9899508
'20-Jul-2014 16:00:00',-7.668609435,219.9274194,209.2373944
'20-Jul-2014 17:00:00',-7.804673712,217.7983871,209.4338189
'20-Jul-2014 18:00:00',-7.396480883,215.6693548,209.2046554
'20-Jul-2014 19:00:00',-7.269188428,213.5403226,209.1063924
'20-Jul-2014 20:00:00',-7.141781792,211.4112903,205.1719274
'20-Jul-2014 21:00:00',-6.530301592,209.2822581,205.2211016
'20-Jul-2014 22:00:00',-6.887041964,207.1532258,212.3037773
'20-Jul-2014 23:00:00',-6.767158722,205.0241935,205.4397641
'21-Jul-2014 00:00:00',-6.410605978,202.8951613,203.8065148
'21-Jul-2014 01:00:00',-6.647463109,200.766129,208.8262627
'21-Jul-2014 02:00:00',-6.648307808,198.6370968,209.9689187
'21-Jul-2014 03:00:00',-6.647463109,196.5080645,210.1011632
'21-Jul-2014 04:00:00',-6.885164938,194.3790323,208.2455296
'21-Jul-2014 05:00:00',-7.538840346,192.25,209.6981008
'21-Jul-2014 06:00:00',-8.987132241,190.1209677,209.0550239
'21-Jul-2014 07:00:00',-9.642271539,187.9919355,208.3409119
'21-Jul-2014 08:00:00',-9.475905524,185.8629032,207.6270341
'21-Jul-2014 09:00:00',-9.142751145,184.5421554,206.7357521
'21-Jul-2014 10:00:00',-8.520275528,186.4545455,205.9438667
'21-Jul-2014 11:00:00',-7.802509256,188.6363636,205.5098974
'21-Jul-2014 12:00:00',-7.938151183,190.8181818,205.3112947
'21-Jul-2014 13:00:00',-8.686826949,193,205.4641241
'21-Jul-2014 14:00:00',-10.92506097,195.1818182,205.3775277
'21-Jul-2014 15:00:00',-16.63761158,197.3636364,205.1571769
'21-Jul-2014 16:00:00',-30.52716009,199.5454545,204.1168494
'21-Jul-2014 17:00:00',-60.38841453,202.573052,206.2769784
'21-Jul-2014 18:00:00',-78.70869125,215.75,207.5092677
'21-Jul-2014 19:00:00',-74.75979274,231.4642857,209.6046178
'21-Jul-2014 20:00:00',-53.10217042,247.1785714,218.1280102
'21-Jul-2014 21:00:00',-30.79783344,281.218531,216.2775178
'21-Jul-2014 22:00:00',-15.91105177,363.4503818,221.2727938
'21-Jul-2014 23:00:00',-11.4609061,440.639313,222.8642648
'22-Jul-2014 00:00:00',-9.639942344,467.5,235.7732165
'22-Jul-2014 01:00:00',-8.359229425,478.8571429,227.7091512
'22-Jul-2014 02:00:00',-5.15721821,486.7678571,227.8716815
'22-Jul-2014 03:00:00',1.491210689,539.4348592,228.4038923
'22-Jul-2014 04:00:00',21.51789334,661.876882,234.9059426
'22-Jul-2014 05:00:00',170.9395576,966.262671,249.042929
'22-Jul-2014 06:00:00',296.2505757,1294.358031,251.625265
'22-Jul-2014 07:00:00',494.0711759,1895.25,357.962682
'22-Jul-2014 08:00:00',876.6278253,2910,681.0160021
'22-Jul-2014 09:00:00',1171.311384,3077.651031,697.1696748
'22-Jul-2014 10:00:00',1275.156181,2735.970609,635.1406821
'22-Jul-2014 11:00:00',1306.504357,2534.1959,613.832011
'22-Jul-2014 12:00:00',1299.667512,2484.375,600.2276835
'22-Jul-2014 13:00:00',1362.802922,2361.5,582.7372064
'22-Jul-2014 14:00:00',1305.442189,2192.5,572.9064956
'22-Jul-2014 15:00:00',1300.789094,2148.625,576.4909442
'22-Jul-2014 16:00:00',1302.888766,2067,577.7115449
'22-Jul-2014 17:00:00',1244.315222,1977.25,564.5000206
'22-Jul-2014 18:00:00',1194.200379,1802.25,547.4630172
'22-Jul-2014 19:00:00',1162.875087,1656.375,537.5430182
'22-Jul-2014 20:00:00',1105.215642,1684.25,537.2084866
'22-Jul-2014 21:00:00',1125.491175,1998.625,564.1115844
'22-Jul-2014 22:00:00',1138.19145,3791.875,734.8549885
'22-Jul-2014 23:00:00',1350.25547,5068.75,1318.961344
'23-Jul-2014 00:00:00',1766.542149,4705.333333,1191.442995
'23-Jul-2014 01:00:00',1960.719834,3974.5,994.530831
'23-Jul-2014 02:00:00',1961.842174,3388.106206,845.5424879
'23-Jul-2014 03:00:00',1873.502052,2932.75,704.8686039
'23-Jul-2014 04:00:00',1760.345423,2509.125,647.1252344
'23-Jul-2014 05:00:00',1673.856556,2272.125,620.0433242
'23-Jul-2014 06:00:00',1506.038283,2030.25,586.976585
'23-Jul-2014 07:00:00',1431.311609,1863.625,563.0454273
'23-Jul-2014 08:00:00',1362.237681,1638.322492,545.9768395
'23-Jul-2014 09:00:00',1289.989423,1479.63581,514.9297398
'23-Jul-2014 10:00:00',1176.717944,1335.484305,477.8941692
'23-Jul-2014 11:00:00',1109.177837,1261,458.0590396
'23-Jul-2014 12:00:00',1046.902436,1162.875,440.5956186
'23-Jul-2014 13:00:00',1000.957261,1083.625,426.3113621
'23-Jul-2014 14:00:00',888.9293159,1025.875,415.2878343
'23-Jul-2014 15:00:00',847.2319111,978.5,404.8629296
'23-Jul-2014 16:00:00',749.9883815,935.5,395.8192151
'23-Jul-2014 17:00:00',672.169027,898.658699,384.6954735
'23-Jul-2014 18:00:00',623.5213546,869.75,377.1483699
'23-Jul-2014 19:00:00',581.0563862,850.875,369.650552
'23-Jul-2014 20:00:00',551.8986321,826,363.3525134
'23-Jul-2014 21:00:00',508.8560939,811.125,358.4013395
'23-Jul-2014 22:00:00',482.9331244,798.5,350.7787424
'23-Jul-2014 23:00:00',458.4938017,792,342.9492711
'24-Jul-2014 00:00:00',428.2183037,767.125,336.220282
'24-Jul-2014 01:00:00',402.5833995,758.1875,330.0776152
'24-Jul-2014 02:00:00',383.1473623,742.3125,322.7766931
'24-Jul-2014 03:00:00',351.674118,731.75,312.2842655
'24-Jul-2014 04:00:00',321.3407016,728.125,296.6384536
'24-Jul-2014 05:00:00',294.8259343,713.75,277.5182026
'24-Jul-2014 06:00:00',268.9042445,695,297.5614286
'24-Jul-2014 07:00:00',236.9554243,692.925,289.0839879
'24-Jul-2014 08:00:00',214.2553759,687.55,275.2309748
'24-Jul-2014 09:00:00',186.424582,679.15,266.7078159
'24-Jul-2014 10:00:00',163.0590297,652.5,267.6608408
'24-Jul-2014 11:00:00',144.8046519,648.25,265.3274256
'24-Jul-2014 12:00:00',124.8096096,637.75,263.3207088
'24-Jul-2014 13:00:00',113.3259697,631.5,278.7932487
'24-Jul-2014 14:00:00',96.78198107,632.5,272.7155285
'24-Jul-2014 15:00:00',79.6293336,627.5,265.8855231
'24-Jul-2014 16:00:00',132.0739424,626.25,261.7053554
'24-Jul-2014 17:00:00',204.1400952,620,259.0129101
'24-Jul-2014 18:00:00',252.185606,613.75,257.3806397
'24-Jul-2014 19:00:00',314.1084751,622.1875,268.3338579
'24-Jul-2014 20:00:00',319.578703,612.2847222,265.0248321
'24-Jul-2014 21:00:00',306.384052,602.6111111,254.8886162
'24-Jul-2014 22:00:00',297.4602211,594.1666667,252.8736556
'24-Jul-2014 23:00:00',275.7952997,597.25,250.3760264
'25-Jul-2014 00:00:00',261.4077751,585.5,250.3458292
'25-Jul-2014 01:00:00',245.2612693,581.5,249.4680193
'25-Jul-2014 02:00:00',227.718337,577.5,245.9786042
'25-Jul-2014 03:00:00',210.2473415,571.25,246.4657594
'25-Jul-2014 04:00:00',188.6739069,566.1470588,246.4657662
'25-Jul-2014 05:00:00',173.8552663,560.8823529,246.435336
'25-Jul-2014 06:00:00',152.8665828,559,246.3440656
'25-Jul-2014 07:00:00',140.6372636,557.1176471,246.1310404
'25-Jul-2014 08:00:00',121.6497327,553.1029412,243.0471217
'25-Jul-2014 09:00:00',104.301315,545.6029412,242.4967237
'25-Jul-2014 10:00:00',88.88877349,543.1176471,242.4047665
'25-Jul-2014 11:00:00',72.32349796,537,237.1966033
'25-Jul-2014 12:00:00',60.99890537,530.8823529,237.5759812
'25-Jul-2014 13:00:00',48.46805212,525.0042017,233.7646211
'25-Jul-2014 14:00:00',37.65843309,522,238.6185161
'25-Jul-2014 15:00:00',27.11691853,519.7678571,238.7142926
'25-Jul-2014 16:00:00',15.75574612,517.75,235.0703271
'25-Jul-2014 17:00:00',8.860146969,513.125,227.366857
'25-Jul-2014 18:00:00',1.6625653,499,228.8675166
'25-Jul-2014 19:00:00',-6.726871758,496,230.4086789
'25-Jul-2014 20:00:00',-10.92424217,491.7142857,228.6486835
'25-Jul-2014 21:00:00',-15.46837535,484.8571429,227.9563929
'25-Jul-2014 22:00:00',-16.96963816,476.6514778,221.7578233
'25-Jul-2014 23:00:00',-18.76127681,465.5689655,228.6666139
'26-Jul-2014 00:00:00',-19.75461636,457.8448276,222.4902863
'26-Jul-2014 01:00:00',-21.58642949,448.2674419,222.2361184
'26-Jul-2014 02:00:00',-25.97480899,446.3139535,225.7891159
'26-Jul-2014 03:00:00',-27.13691161,444.3604651,230.1130774
'26-Jul-2014 04:00:00',-16.86849215,442.8537567,236.2994827
'26-Jul-2014 05:00:00',-4.515587658,448.9423077,241.1266104
'26-Jul-2014 06:00:00',2.783062139,457.7115385,249.2270466
'26-Jul-2014 07:00:00',6.710271301,482.4999999,256.9360404
'26-Jul-2014 08:00:00',11.02382998,508,271.4578033
'26-Jul-2014 09:00:00',13.22886972,518,270.8758784
'26-Jul-2014 10:00:00',12.13798671,520,271.1673574
'26-Jul-2014 11:00:00',-6.182900543,520,269.9700827
'26-Jul-2014 12:00:00',-29.25506607,520.5,267.8892677
'26-Jul-2014 13:00:00',-35.15074459,523,263.8866628
'26-Jul-2014 14:00:00',-42.54177633,539.875,265.7525613
'26-Jul-2014 15:00:00',-55.54412776,559.5,263.8574217
'26-Jul-2014 16:00:00',-29.56156456,647.2499998,264.093936
'26-Jul-2014 17:00:00',21.24123103,1234.954663,560.3023604
'26-Jul-2014 18:00:00',371.4603317,2999.947369,907.9749477
'26-Jul-2014 19:00:00',1235.473037,4256,1127.71918
'26-Jul-2014 20:00:00',1531.812966,4545,1090.640926
'26-Jul-2014 21:00:00',1730.291834,5037,1106.351672
'26-Jul-2014 22:00:00',2035.402902,5258.375,1450.9122
'26-Jul-2014 23:00:00',2191.503274,5168.75,1526.07937
'27-Jul-2014 00:00:00',2367.304904,4816.292683,1327.452699
'27-Jul-2014 01:00:00',2420.460997,4259,1052.495974
'27-Jul-2014 02:00:00',2390.274668,4169.75,952.1612232
'27-Jul-2014 03:00:00',2256.07082,4341,916.5860992
'27-Jul-2014 04:00:00',2221.497376,4288,953.9490239
'27-Jul-2014 05:00:00',2394.095936,4001.872454,924.0135975
'27-Jul-2014 06:00:00',2284.667277,3809.25,856.2007703
'27-Jul-2014 07:00:00',2231.661444,4043.3125,885.5004197
'27-Jul-2014 08:00:00',2317.790165,4087.3125,943.3219367
'27-Jul-2014 09:00:00',2208.433491,3906.25,936.5278111
'27-Jul-2014 10:00:00',2251.657386,3926.25,935.9235635
'27-Jul-2014 11:00:00',2182.904911,3864.9,921.2909294
'27-Jul-2014 12:00:00',2114.4076,3671.1,881.7284831
'27-Jul-2014 13:00:00',2045.465297,3446.75,817.8743787
'27-Jul-2014 14:00:00',2026.406124,3255.75,768.2424153
'27-Jul-2014 15:00:00',2075.315186,2985.5,717.0527312
'27-Jul-2014 16:00:00',1901.831226,2723.25,673.5726061
'27-Jul-2014 17:00:00',1948.002326,2466.914184,646.2888104
'27-Jul-2014 18:00:00',1782.898339,2307.645289,619.5878145
'27-Jul-2014 19:00:00',1713.109177,2159.463153,597.4555502
'27-Jul-2014 20:00:00',1639.069439,2014.13464,579.4749627
'27-Jul-2014 21:00:00',1501.114482,1857.75,563.9930649
'27-Jul-2014 22:00:00',1498.469172,1744,550.4950677
'27-Jul-2014 23:00:00',1390.516649,1605.375,539.4998006
'28-Jul-2014 00:00:00',1310.840967,1481.5,494.0441047
'28-Jul-2014 01:00:00',1282.888174,1390.875,474.5785376
'28-Jul-2014 02:00:00',1186.685398,1305.25,459.1730597
'28-Jul-2014 03:00:00',1131.021705,1228.375,446.8413892
'28-Jul-2014 04:00:00',1088.78791,1143.5,435.6104718
'28-Jul-2014 05:00:00',1014.475652,1082.25,425.9067558
'28-Jul-2014 06:00:00',957.6632119,1045.375,417.5703796
'28-Jul-2014 07:00:00',926.3624725,990.05,409.2432244
'28-Jul-2014 08:00:00',910.1692068,961.7,402.6662229
'28-Jul-2014 09:00:00',865.417843,925,396.5359282
'28-Jul-2014 10:00:00',836.7044471,915.375,390.5426198
'28-Jul-2014 11:00:00',757.7893387,884,384.8072633
'28-Jul-2014 12:00:00',682.322975,863.2,378.7695593
'28-Jul-2014 13:00:00',650.7584082,850.1333334,374.2581893
'28-Jul-2014 14:00:00',617.9718217,830.1666667,370.6046586
'28-Jul-2014 15:00:00',605.4452006,816.5,366.1758556
'28-Jul-2014 16:00:00',562.837937,813.5,359.6129
'28-Jul-2014 17:00:00',655.8771258,940.8233078,354.5056215
'28-Jul-2014 18:00:00',928.7241253,1519.133984,355.6675214
'28-Jul-2014 19:00:00',1070.124972,1853.625,391.9965463
'28-Jul-2014 20:00:00',1166.38016,1841.375,470.9955225
'28-Jul-2014 21:00:00',1201.635773,1864,484.8413187
'28-Jul-2014 22:00:00',1216.493264,1858.790179,476.5214606
'28-Jul-2014 23:00:00',1209.40368,1768,465.3113481
'29-Jul-2014 00:00:00',1145.538352,1658,452.9345206
'29-Jul-2014 01:00:00',1145.756863,1671,447.8719733
'29-Jul-2014 02:00:00',1119.259467,1748.375,451.5794108
'29-Jul-2014 03:00:00',1120.865033,1760.375,457.9898788
'29-Jul-2014 04:00:00',1093.203745,1727.333333,457.9898788
'29-Jul-2014 05:00:00',1074.248546,1682.041667,455.6466033
'29-Jul-2014 06:00:00',1116.316354,1700.25,461.5922243
'29-Jul-2014 07:00:00',1063.656795,1863.37987,538.6565988
'29-Jul-2014 08:00:00',1087.67642,2057,591.1295232
'29-Jul-2014 09:00:00',1104.674981,2053.811046,598.5192636
'29-Jul-2014 10:00:00',1060.736842,1969.875,589.2400919
'29-Jul-2014 11:00:00',1068.160341,1828.25,576.6438092
'29-Jul-2014 12:00:00',1010.361972,1724.25,565.9642535
'29-Jul-2014 13:00:00',1048.161846,1637.125,562.032735
'29-Jul-2014 14:00:00',975.6869892,1578.791667,555.7835955
'29-Jul-2014 15:00:00',1019.306415,1508.458333,548.9908712
'29-Jul-2014 16:00:00',985.8044113,1422,540.7313822
'29-Jul-2014 17:00:00',974.6311587,1335.5,507.1933934
'29-Jul-2014 18:00:00',907.8719781,1291,484.8029458
'29-Jul-2014 19:00:00',877.1260121,1248.625,470.8516356
'29-Jul-2014 20:00:00',902.9036315,1258.75,470.9911173
'29-Jul-2014 21:00:00',860.0269557,1808.038505,598.7135664
'29-Jul-2014 22:00:00',876.5713736,3284.793103,887.0895113
'29-Jul-2014 23:00:00',1067.086141,4343.625,1105.633656
'30-Jul-2014 00:00:00',1296.221356,4339.75,1238.348856
'30-Jul-2014 01:00:00',1468.224587,3895.126697,1098.173244
'30-Jul-2014 02:00:00',1397.916211,3434,979.8387936
'30-Jul-2014 03:00:00',1405.03434,3074.25,827.9001921
'30-Jul-2014 04:00:00',1284.050227,2677,742.7282234
'30-Jul-2014 05:00:00',1305.264751,2385.25,687.8727522
'30-Jul-2014 06:00:00',1246.022857,2164.625,659.8985854
'30-Jul-2014 07:00:00',1165.773136,1955.5,631.1562454
'30-Jul-2014 08:00:00',1091.143111,1781.547847,604.8850299
'30-Jul-2014 09:00:00',1111.603306,1629.5,588.0053192
'30-Jul-2014 10:00:00',1049.387424,1512.5,581.9787201
'30-Jul-2014 11:00:00',1044.177352,1509.75,585.4115916
'30-Jul-2014 12:00:00',1070.580129,1607.75,586.5485597
'30-Jul-2014 13:00:00',1038.348342,1621.5,582.7921501
'30-Jul-2014 14:00:00',1055.078717,1617.375,575.2645654
'30-Jul-2014 15:00:00',1068.688681,1578.5,566.6286257
'30-Jul-2014 16:00:00',1087.792512,1513,558.1117143
'30-Jul-2014 17:00:00',991.9000209,1466.875,549.6832342
'30-Jul-2014 18:00:00',1028.299549,1391.5,541.0081254
'30-Jul-2014 19:00:00',1027.739951,1318.875,518.1884253
'30-Jul-2014 20:00:00',959.3825726,1286.5,490.6953088
'30-Jul-2014 21:00:00',932.5537515,1277.75,484.1919958
'30-Jul-2014 22:00:00',936.5497968,1440,504.9299476
'30-Jul-2014 23:00:00',1114.857693,2801.024647,568.0935648
'31-Jul-2014 00:00:00',1295.398046,4967.75,793.7413178
'31-Jul-2014 01:00:00',1677.884435,5474.25,1238.334298
'31-Jul-2014 02:00:00',2180.754991,6241,1745.766454
'31-Jul-2014 03:00:00',3200.524766,6290.375,2108.610376
'31-Jul-2014 04:00:00',3951.554899,6151,2336.904419
'31-Jul-2014 05:00:00',4411.476704,5943.5,2225.617368
'31-Jul-2014 06:00:00',4077.76903,5375.625,1804.108517
'31-Jul-2014 07:00:00',4042.734552,5395.25,1417.995366
'31-Jul-2014 08:00:00',3785.466746,5438.75,1375.868756
'31-Jul-2014 09:00:00',3959.565373,5253.125,1395.404404
'31-Jul-2014 10:00:00',3524.927031,5026.5,1241.546393
'31-Jul-2014 11:00:00',3310.09231,4479.875,1036.241886
'31-Jul-2014 12:00:00',3219.696758,4054.75,912.4648155
'31-Jul-2014 13:00:00',2727.002429,3746,785.5477133
'31-Jul-2014 14:00:00',2414.18959,3469.75,719.9130206
'31-Jul-2014 15:00:00',2383.459906,3226.75,673.3396591
'31-Jul-2014 16:00:00',2183.338009,2896,647.0747757
'31-Jul-2014 17:00:00',2328.215716,2667.5,618.4904531
'31-Jul-2014 18:00:00',2201.743442,2521,595.9976922
'31-Jul-2014 19:00:00',2268.811988,2361.25,575.6271184
'31-Jul-2014 20:00:00',2138.149599,2242.75,562.80357
'31-Jul-2014 21:00:00',2145.962601,2143.875,548.3693496
'31-Jul-2014 22:00:00',1947.235169,2050,528.4891951
'31-Jul-2014 23:00:00',1914.080798,1988,489.3765644
'01-Aug-2014 00:00:00',1832.994053,1876.375,472.6197547
'01-Aug-2014 01:00:00',1774.528538,1802,457.9208159
'01-Aug-2014 02:00:00',1789.017013,1713.625,445.0971771
'01-Aug-2014 03:00:00',1754.741528,1612.25,434.9453512
'01-Aug-2014 04:00:00',1622.781203,1525.75,425.6973815
'01-Aug-2014 05:00:00',1622.302311,1465,415.7954975
'01-Aug-2014 06:00:00',1556.76197,1402,409.264689
'01-Aug-2014 07:00:00',1373.311194,1337.25,401.5416786
'01-Aug-2014 08:00:00',1367.979117,1261,395.7303949
'01-Aug-2014 09:00:00',1296.908712,1194,389.8687932
'01-Aug-2014 10:00:00',1235.606019,1134.5,384.1131148
'01-Aug-2014 11:00:00',1119.591977,1097.953775,379.3720813
'01-Aug-2014 12:00:00',1050.723757,1040.5,374.3222269
'01-Aug-2014 13:00:00',1024.607961,990.2916667,369.9105428
'01-Aug-2014 14:00:00',946.6629302,945.5833334,365.5105768
'01-Aug-2014 15:00:00',967.7238791,909.125,359.7601786
'01-Aug-2014 16:00:00',905.580598,877.5,353.5775302
'01-Aug-2014 17:00:00',885.5994043,859.625,347.9648639
'01-Aug-2014 18:00:00',824.8714433,841.7142857,344.2427563
'01-Aug-2014 19:00:00',809.6625688,826.5231092,339.6145024
'01-Aug-2014 20:00:00',777.8335996,806.7058823,335.4757634
'01-Aug-2014 21:00:00',727.9250937,794.7647059,330.6748621
'01-Aug-2014 22:00:00',704.9191294,792,324.9787136
'01-Aug-2014 23:00:00',617.3009613,789,318.3844989
'02-Aug-2014 00:00:00',631.5845451,775.5,313.4042915
'02-Aug-2014 01:00:00',566.9816442,776.1666667,307.9605334
'02-Aug-2014 02:00:00',569.6571076,757.9444444,302.829444
'02-Aug-2014 03:00:00',521.595492,749.5138889,295.6393216
'02-Aug-2014 04:00:00',485.8606652,745,285.8622422
'02-Aug-2014 05:00:00',475.5470822,748.875,278.1424963
'02-Aug-2014 06:00:00',448.4881037,729.125,275.021337
'02-Aug-2014 07:00:00',434.2634922,719.25,274.4921435
'02-Aug-2014 08:00:00',411.5252504,716,274.3353941
'02-Aug-2014 09:00:00',399.8161555,718,274.2484184
'02-Aug-2014 10:00:00',398.4747593,712,272.970104
'02-Aug-2014 11:00:00',378.6356691,705.6138614,270.233489
'02-Aug-2014 12:00:00',361.5905113,702.7182291,271.5460834
'02-Aug-2014 13:00:00',355.7493219,693,269.6763964
'02-Aug-2014 14:00:00',326.5209026,691.125,267.1864638
'02-Aug-2014 15:00:00',321.662007,679.375,266.9657402
'02-Aug-2014 16:00:00',299.5824717,684.125,266.9636525
'02-Aug-2014 17:00:00',282.2621156,670.5,266.8695292
'02-Aug-2014 18:00:00',278.0468278,670.75,266.4277886
'02-Aug-2014 19:00:00',260.0758014,662.875,263.009815
'02-Aug-2014 20:00:00',240.4811488,652.7142857,262.0942294
'02-Aug-2014 21:00:00',220.4648713,646.7857143,262.0054393
'02-Aug-2014 22:00:00',202.2406165,635.8035714,257.7111093
'02-Aug-2014 23:00:00',185.3589526,632.5,256.4372657
'03-Aug-2014 00:00:00',164.737371,629.1964286,259.4208174
'03-Aug-2014 01:00:00',146.3841917,617.625,255.0084454
'03-Aug-2014 02:00:00',136.6440296,605.75,254.1078938
'03-Aug-2014 03:00:00',120.7973154,617.6903336,255.0683569
'03-Aug-2014 04:00:00',112.6907205,610.5505573,254.9185751
'03-Aug-2014 05:00:00',103.8407856,595.625,247.6584047
'03-Aug-2014 06:00:00',88.83965867,594.625,248.5013317
'03-Aug-2014 07:00:00',76.60021865,593.625,249.4397341
'03-Aug-2014 08:00:00',65.27721242,592.625,248.4584771
'03-Aug-2014 09:00:00',56.36586788,591.625,247.6404931
'03-Aug-2014 10:00:00',46.29774936,579.1875,247.3960991
'03-Aug-2014 11:00:00',36.9659955,578.0625,247.3184899
'03-Aug-2014 12:00:00',25.80506993,574.6666667,247.2864916
'03-Aug-2014 13:00:00',19.766259,571.5833333,247.2561086
'03-Aug-2014 14:00:00',20.00851232,566.125,247.0130377
'03-Aug-2014 15:00:00',39.63906645,571.125,236.7679212
'03-Aug-2014 16:00:00',234.0684257,1458.53213,239.0493001
'03-Aug-2014 17:00:00',1104.355796,3034.75,242.9687421
'03-Aug-2014 18:00:00',1412.983525,3077.25,253.3580589
'03-Aug-2014 19:00:00',1344.309604,4761.693684,402.6525701
'03-Aug-2014 20:00:00',1778.355909,7738.119566,2259.717222
'03-Aug-2014 21:00:00',3905.903605,8513,3947.624104
'03-Aug-2014 22:00:00',5907.03522,7681.129913,3558.079562
'03-Aug-2014 23:00:00',5192.28369,6501.625,2879.792695
'04-Aug-2014 00:00:00',5038.637586,5205.666667,2202.649714
'04-Aug-2014 01:00:00',4790.619281,4476.583333,1666.055076
'04-Aug-2014 02:00:00',3871.229995,3866.75,1112.586572
'04-Aug-2014 03:00:00',3446.587265,3401.5,931.9927522
'04-Aug-2014 04:00:00',3166.488953,3106.666667,768.1627103
'04-Aug-2014 05:00:00',2804.195305,2721.75,699.1749956
'04-Aug-2014 06:00:00',2397.111239,2484.75,663.1559839
'04-Aug-2014 07:00:00',2352.404667,2254.875,632.1654812
'04-Aug-2014 08:00:00',2164.167802,2112.9375,604.9764804
'04-Aug-2014 09:00:00',2016.773406,1924.5625,582.786992
'04-Aug-2014 10:00:00',2037.505733,1765.125,567.585943
'04-Aug-2014 11:00:00',2029.783973,1648.125,553.2080785
'04-Aug-2014 12:00:00',1826.850542,1534.5,540.379849
'04-Aug-2014 13:00:00',1774.617945,1449.75,493.3698525
'04-Aug-2014 14:00:00',1731.513641,1342,473.9375831
'04-Aug-2014 15:00:00',1540.483844,1234,457.3868154
'04-Aug-2014 16:00:00',1526.619248,1129.75,443.3767123
'04-Aug-2014 17:00:00',1397.69788,1034,430.1080464
'04-Aug-2014 18:00:00',1308.280407,970.5625,419.412119
'04-Aug-2014 19:00:00',1235.264705,899.5625,409.7144892
'04-Aug-2014 20:00:00',1183.357582,842.4999999,401.9721071
'04-Aug-2014 21:00:00',1117.815935,784.0000001,393.5995988
'04-Aug-2014 22:00:00',1036.644288,731.7549503,385.4562254
'04-Aug-2014 23:00:00',1013.608575,671.7649254,379.7699227
'05-Aug-2014 00:00:00',932.2525884,631.5625,374.7364598
'05-Aug-2014 01:00:00',875.0939835,605.375,369.7947694
'05-Aug-2014 02:00:00',846.9209803,583.3958333,363.4963661
'05-Aug-2014 03:00:00',795.2848925,560.1666667,357.8643871
'05-Aug-2014 04:00:00',780.549814,550,353.5327756
'05-Aug-2014 05:00:00',742.6860621,542,348.5653994
'05-Aug-2014 06:00:00',696.5751061,532.3252788,344.511922
'05-Aug-2014 07:00:00',682.5217631,524.3413284,340.085075
'05-Aug-2014 08:00:00',627.5183596,517.2727273,335.5915423
'05-Aug-2014 09:00:00',606.3506516,506.8181818,330.1336217
'05-Aug-2014 10:00:00',599.9262449,487.5384615,322.905266
'05-Aug-2014 11:00:00',553.800067,481.2307692,316.5726051
'05-Aug-2014 12:00:00',511.7571203,477.8666667,317.4149739
'05-Aug-2014 13:00:00',495.2011965,473.6,333.3311963
'05-Aug-2014 14:00:00',454.8849316,468.5789474,340.3675987
'05-Aug-2014 15:00:00',436.4848306,463.1052632,343.2119096
'05-Aug-2014 16:00:00',424.2454498,457.631579,343.2408447
'05-Aug-2014 17:00:00',412.1158075,452.1578947,342.6172358
'05-Aug-2014 18:00:00',408.9705363,446.8700658,340.6824475
'05-Aug-2014 19:00:00',404.4162668,443.8125,337.8007667
'05-Aug-2014 20:00:00',414.0766008,438.3958333,333.3972311
'05-Aug-2014 21:00:00',426.2129305,442,331.2560918
'05-Aug-2014 22:00:00',429.5943314,436.8752843,328.5240488
'05-Aug-2014 23:00:00',396.7781485,436.2539803,325.1574287
'06-Aug-2014 00:00:00',406.9598225,441.378696,321.4365945
'06-Aug-2014 01:00:00',389.0720875,442,317.3034103
'06-Aug-2014 02:00:00',372.5719318,446.3186157,313.3986093
'06-Aug-2014 03:00:00',383.6468331,442.3872315,308.6998355
'06-Aug-2014 04:00:00',362.0784575,442,303.7353619
'06-Aug-2014 05:00:00',345.8189562,442,298.0103499
'06-Aug-2014 06:00:00',325.2204753,438.5,290.3125435
'06-Aug-2014 07:00:00',317.1169825,430.9166667,282.3349346
'06-Aug-2014 08:00:00',326.6854681,434.7083333,275.9401545
'06-Aug-2014 09:00:00',316.333452,435,275.3147833
'06-Aug-2014 10:00:00',296.6964195,435,274.7537883
'06-Aug-2014 11:00:00',290.5364025,432.9375,274.567328
'06-Aug-2014 12:00:00',281.9116493,425.6875,274.3643787
'06-Aug-2014 13:00:00',263.1747716,424.9499731,273.7837244
'06-Aug-2014 14:00:00',245.268993,416.816568,269.5916906
'06-Aug-2014 15:00:00',230.699276,409.024879,269.5917248
'06-Aug-2014 16:00:00',215.510928,407,267.9480326
'06-Aug-2014 17:00:00',203.6160384,407,263.2163935
'06-Aug-2014 18:00:00',192.5360216,406,261.3535194
'06-Aug-2014 19:00:00',171.3968172,394,264.4974254
'06-Aug-2014 20:00:00',159.8202316,391,258.5533274
'06-Aug-2014 21:00:00',147.143063,391,256.2316701
'06-Aug-2014 22:00:00',139.633481,389.3548387,255.6708839
'06-Aug-2014 23:00:00',128.1450618,384.9677419,255.6332556
'07-Aug-2014 00:00:00',111.7563436,380.5806452,256.2055551
'07-Aug-2014 01:00:00',99.11006879,376.1935484,256.0559957
'07-Aug-2014 02:00:00',89.55605397,374,255.9662768
'07-Aug-2014 03:00:00',76.34458588,374,255.786795
'07-Aug-2014 04:00:00',66.89824789,374,247.8594748
'07-Aug-2014 05:00:00',54.69203955,372.5,254.1690316
'07-Aug-2014 06:00:00',48.37601251,366.21875,252.7838128
'07-Aug-2014 07:00:00',37.63907243,364.3125,249.0756785
'07-Aug-2014 08:00:00',31.19039967,362.7077206,249.1059548
'07-Aug-2014 09:00:00',23.78939003,360.6838235,248.9545669
'07-Aug-2014 10:00:00',12.81818492,358.625,242.7270854
'07-Aug-2014 11:00:00',9.09846623,356.5661765,242.2526342
'07-Aug-2014 12:00:00',5.16564309,354.5073529,245.7118378
'07-Aug-2014 13:00:00',1.027055029,352.4485294,245.5523847
'07-Aug-2014 14:00:00',-2.643136878,350.3897059,244.9423785
'07-Aug-2014 15:00:00',-10.77942402,348.3308823,237.5403187
'07-Aug-2014 16:00:00',-11.73980265,346.2720588,237.8185705
'07-Aug-2014 17:00:00',-16.45403439,344.2132353,238.0349531
'07-Aug-2014 18:00:00',-22.07735564,342.1544118,238.0349531
'07-Aug-2014 19:00:00',-25.96552331,340.0955882,237.1999732
'07-Aug-2014 20:00:00',-32.48243735,338.0367647,235.7728685
'07-Aug-2014 21:00:00',-35.01281643,335.9779412,237.2309296
'07-Aug-2014 22:00:00',-39.61774442,333.9191176,226.4662228
'07-Aug-2014 23:00:00',-42.56557378,331.8602941,234.5750296
'08-Aug-2014 00:00:00',-47.39793771,329.8014706,234.9047471
'08-Aug-2014 01:00:00',-51.91062907,327.5102554,234.7492899
'08-Aug-2014 02:00:00',-53.42534013,324.2894737,234.7493047
'08-Aug-2014 03:00:00',-54.61092197,320.9912281,228.1464172
'08-Aug-2014 04:00:00',-55.83318158,317.6929825,228.2724001
'08-Aug-2014 05:00:00',-55.69509317,314.3947368,227.1130696
'08-Aug-2014 06:00:00',-56.86583673,311.0964912,228.4812318
'08-Aug-2014 07:00:00',-57.39071373,307.7982456,228.4380488
'08-Aug-2014 08:00:00',-57.8245432,304.5,228.2911637
'08-Aug-2014 09:00:00',-58.11649195,301.2017544,228.167681
'08-Aug-2014 10:00:00',-57.69899039,297.9035088,228.1849369
'08-Aug-2014 11:00:00',-57.68912837,294.6052632,228.3365936
'08-Aug-2014 12:00:00',-57.07959896,291.3070175,228.1149645
'08-Aug-2014 13:00:00',-57.17112774,288.0087719,228.3668912
'08-Aug-2014 14:00:00',-55.42936316,284.7105263,228.3983674
'08-Aug-2014 15:00:00',-54.30835629,281.4122807,228.3354072
'08-Aug-2014 16:00:00',-53.75981108,278.1140351,228.2409396
'08-Aug-2014 17:00:00',-52.55586096,274.8157895,227.5160948
'08-Aug-2014 18:00:00',-53.05585982,271.5175439,218.9201932
'08-Aug-2014 19:00:00',-53.1004197,268.2192982,227.5776553
'08-Aug-2014 20:00:00',-53.59814935,264.9210526,225.612758
'08-Aug-2014 21:00:00',-53.43122244,261.622807,220.4637528
'08-Aug-2014 22:00:00',-54.5379942,258.3245614,218.4467629
'08-Aug-2014 23:00:00',-55.31055258,255.0263158,218.6715401
'09-Aug-2014 00:00:00',-55.88139844,251.7280702,218.6394376
'09-Aug-2014 01:00:00',-56.36455469,248.4298246,218.9603275
'09-Aug-2014 02:00:00',-57.22061257,245.1315789,220.5918619
'09-Aug-2014 03:00:00',-57.71336362,241.8333333,222.444944
'09-Aug-2014 04:00:00',-58.18948946,238.5350877,222.6042876
'09-Aug-2014 05:00:00',-58.64460996,235.2368421,222.5724271
'09-Aug-2014 06:00:00',-58.6704995,232.7305699,222.5087472
'09-Aug-2014 07:00:00',-58.6727229,230.6994819,222.1901176
'09-Aug-2014 08:00:00',-58.96819858,228.6683938,222.3175924
'09-Aug-2014 09:00:00',-59.23394627,226.6373057,222.0307329
'09-Aug-2014 10:00:00',-59.83118525,224.6062176,216.1500835
'09-Aug-2014 11:00:00',-60.1411888,222.5751295,215.1918509
'09-Aug-2014 12:00:00',-60.79848958,220.5440415,216.6357868
'09-Aug-2014 13:00:00',-62.74556323,218.5129534,217.1103741
'09-Aug-2014 14:00:00',-64.93047455,216.4818653,220.0267944
'09-Aug-2014 15:00:00',-66.32411173,214.4507772,220.2100139
'09-Aug-2014 16:00:00',-64.81626661,212.4196891,220.1780124
'09-Aug-2014 17:00:00',-63.21308325,210.388601,219.9859619
'09-Aug-2014 18:00:00',-60.1804934,208.357513,219.5685524
'09-Aug-2014 19:00:00',-54.4623721,206.3264249,219.6967103
'09-Aug-2014 20:00:00',-50.47513381,204.2953368,220.0820081
'09-Aug-2014 21:00:00',-49.70672521,202.2642487,220.0499815
'09-Aug-2014 22:00:00',-47.95809348,200.2331606,219.8899072
'09-Aug-2014 23:00:00',-48.24542637,198.2020725,219.6336609
'10-Aug-2014 00:00:00',-47.47965733,196.1709845,218.3156276
'10-Aug-2014 01:00:00',-50.23581699,194.1398964,216.2901101
'10-Aug-2014 02:00:00',-49.54301324,192.1088083,216.2901014
'10-Aug-2014 03:00:00',-51.73769656,190.0777202,216.3223495
'10-Aug-2014 04:00:00',-50.1722204,188.0466321,216.3546236
'10-Aug-2014 05:00:00',-50.89508161,186.015544,216.4513766
'10-Aug-2014 06:00:00',-48.92681581,183.984456,216.4191112
'10-Aug-2014 07:00:00',-48.43448078,181.9533679,214.8991265
'10-Aug-2014 08:00:00',-48.52944858,179.9222798,216.6126085
'10-Aug-2014 09:00:00',-45.48831091,177.8911917,216.3546236
'10-Aug-2014 10:00:00',-44.76230055,175.8601036,212.5274776
'10-Aug-2014 11:00:00',-42.6278942,173.8290155,211.0023367
'10-Aug-2014 12:00:00',-38.01383397,171.7979275,211.4376628
'10-Aug-2014 13:00:00',-37.41093903,169.7668394,213.5102903
'10-Aug-2014 14:00:00',-35.07191812,167.7357513,214.1897934
'10-Aug-2014 15:00:00',-31.73925046,165.7046632,214.1885253
'10-Aug-2014 16:00:00',-29.73800667,163.6735751,214.1561288
'10-Aug-2014 17:00:00',-26.44901738,161.642487,214.1885164
'10-Aug-2014 18:00:00',-25.15420186,159.611399,213.9616526
'10-Aug-2014 19:00:00',-24.32703124,157.5803109,213.8968155
'10-Aug-2014 20:00:00',-23.91297886,155.5492228,213.8643836
'10-Aug-2014 21:00:00',-23.52451643,153.5181347,213.8967801
'10-Aug-2014 22:00:00',-23.13558455,151.4870466,213.9292385
'10-Aug-2014 23:00:00',-23.13473985,149.4559585,213.7346562
'11-Aug-2014 00:00:00',-23.1351622,147.4248705,213.9292296
'11-Aug-2014 01:00:00',-23.1351622,145.3937824,213.6048579
'11-Aug-2014 02:00:00',-22.3594102,143.3626943,210.6031207
'11-Aug-2014 03:00:00',-22.74707503,141.3316062,208.6795707
'11-Aug-2014 04:00:00',-25.61971902,139.3005181,209.106374
'11-Aug-2014 05:00:00',-30.2051932,137.2694301,210.1741821
'11-Aug-2014 06:00:00',-50.57806442,140.9864865,211.507092
'11-Aug-2014 07:00:00',-85.46500996,154.2837838,211.742142
'11-Aug-2014 08:00:00',-107.7723324,167.5810811,213.9781388
'11-Aug-2014 09:00:00',-117.9288257,242.572973,224.0076352
'11-Aug-2014 10:00:00',-92.23154637,1383,531.4584003
'11-Aug-2014 11:00:00',-66.36225957,1453.625,566.0925583
'11-Aug-2014 12:00:00',-41.52303476,1277.5,542.3482958
'11-Aug-2014 13:00:00',-29.85604983,1093.125,486.5445243
'11-Aug-2014 14:00:00',9.404793849,932,459.990713
'11-Aug-2014 15:00:00',22.14305839,1007.805214,562.252972
'11-Aug-2014 16:00:00',76.61978397,1418.838962,603.8522605
'11-Aug-2014 17:00:00',257.5754206,1735.75,616.5311464
'11-Aug-2014 18:00:00',439.7124121,1741.25,601.7385563
'11-Aug-2014 19:00:00',476.4453156,1591,587.5475495
'11-Aug-2014 20:00:00',462.0069896,1420.25,563.239833
'11-Aug-2014 21:00:00',437.0607031,1219,542.8200989
'11-Aug-2014 22:00:00',394.9838491,1060.75,489.9847251
'11-Aug-2014 23:00:00',365.8519179,941.25,466.2290369
'12-Aug-2014 00:00:00',322.4190561,866.25,448.2933197
'12-Aug-2014 01:00:00',295.5646242,823.5,436.7454563
'12-Aug-2014 02:00:00',284.8153726,792,426.2673682
'12-Aug-2014 03:00:00',267.6591941,765.25,415.8123555
'12-Aug-2014 04:00:00',251.287042,740.9166667,407.2937361
'12-Aug-2014 05:00:00',226.9600578,718.9583333,398.8087893
'12-Aug-2014 06:00:00',209.812071,690.75,392.0524461
'12-Aug-2014 07:00:00',194.8504481,657.625,384.2480596
'12-Aug-2014 08:00:00',168.9407109,632.5,376.8955302
'12-Aug-2014 09:00:00',142.5234826,609.625,371.3317949
'12-Aug-2014 10:00:00',119.2104245,586.125,365.7809383
'12-Aug-2014 11:00:00',96.26162817,567.2777778,359.6887859
'12-Aug-2014 12:00:00',78.49861781,543.7222222,354.7599572
'12-Aug-2014 13:00:00',61.24020819,531.3571429,350.1028145
'12-Aug-2014 14:00:00',47.72988182,516.4532967,345.2638415
'12-Aug-2014 15:00:00',35.60954798,501.5384616,337.9730427
'12-Aug-2014 16:00:00',25.54200129,496,330.1874466
'12-Aug-2014 17:00:00',15.73622735,477.6,324.571437
'12-Aug-2014 18:00:00',2.909337493,463.4,317.6552385
'12-Aug-2014 19:00:00',-5.345653028,458.0625,308.613988
'12-Aug-2014 20:00:00',-12.9252224,442.7681962,293.867645
'12-Aug-2014 21:00:00',-20.09634077,430.5363924,278.5256152
'12-Aug-2014 22:00:00',-24.50362709,422.75,272.9030043
'12-Aug-2014 23:00:00',-27.08805559,401.875,272.3900418
'13-Aug-2014 00:00:00',-28.24420681,393.8125,268.5347764
'13-Aug-2014 01:00:00',-26.88267726,385.3125,266.9270221
'13-Aug-2014 02:00:00',-19.56535576,376.8125,266.8389885
'13-Aug-2014 03:00:00',-14.25597672,368.3125,260.7929726
'13-Aug-2014 04:00:00',-9.926468077,353.75,260.0782944
'13-Aug-2014 05:00:00',-7.548756149,353.3181818,260.4922162
'13-Aug-2014 06:00:00',-6.13636466,343.5,260.0969274
'13-Aug-2014 07:00:00',-5.983868086,333.6818182,259.7324696
'13-Aug-2014 08:00:00',-9.265235249,334.2278332,259.0819737
'13-Aug-2014 09:00:00',-27.71880058,340.9923664,258.1268699
'13-Aug-2014 10:00:00',-58.63973822,364.2247446,259.2293223
'13-Aug-2014 11:00:00',-98.18695943,462.7221506,263.107556
'13-Aug-2014 12:00:00',-6.451581195,1526.657892,339.6543832
'13-Aug-2014 13:00:00',505.6664615,2981.72973,766.8091833
'13-Aug-2014 14:00:00',1265.546399,3371.75,859.7967967
'13-Aug-2014 15:00:00',1485.316269,3085.375,816.3687548
'13-Aug-2014 16:00:00',1478.344588,2657.290816,706.8215425
'13-Aug-2014 17:00:00',1411.526324,2415.75,654.0654029
'13-Aug-2014 18:00:00',1292.596729,2745.578125,739.0200038
'13-Aug-2014 19:00:00',1343.667507,3972.109308,915.1084939
'13-Aug-2014 20:00:00',1643.190114,4928.291667,1199.244413
'13-Aug-2014 21:00:00',1934.84604,5039.333333,1497.06151
'13-Aug-2014 22:00:00',2255.622219,4487.25,1332.461511
'13-Aug-2014 23:00:00',2232.260448,3667.75,1032.576663
'14-Aug-2014 00:00:00',2171.323925,3107.375,895.4521308
'14-Aug-2014 01:00:00',2058.498881,2695.75,743.7924799
'14-Aug-2014 02:00:00',1875.575374,2394.75,670.748022
'14-Aug-2014 03:00:00',1781.68698,2116.964286,638.5625675
'14-Aug-2014 04:00:00',1702.261216,1832.930657,603.8296619
'14-Aug-2014 05:00:00',1538.131556,1611.571429,578.3532374
'14-Aug-2014 06:00:00',1449.883675,1454.571429,557.8064113
'14-Aug-2014 07:00:00',1367.153001,1307.25,544.1495402
'14-Aug-2014 08:00:00',1226.020538,1186,514.3750428
'14-Aug-2014 09:00:00',1184.550592,1084.5,476.9658397
'14-Aug-2014 10:00:00',1135.036911,991.5,460.6333466
'14-Aug-2014 11:00:00',985.2224683,899.75,445.9054888
'14-Aug-2014 12:00:00',963.4146268,849.4583333,431.6926047
'14-Aug-2014 13:00:00',901.8885246,787.6666666,420.4584275
'14-Aug-2014 14:00:00',798.0063816,746.5,411.6541319
'14-Aug-2014 15:00:00',778.7504449,714.5,402.469853
'14-Aug-2014 16:00:00',753.9670535,683.375,394.8598297
'14-Aug-2014 17:00:00',665.8213506,659.575,388.4270024
'14-Aug-2014 18:00:00',614.9025198,631.8,381.0512352
'14-Aug-2014 19:00:00',563.2424631,597.5,374.6916251
'14-Aug-2014 20:00:00',530.0741317,569.5,368.9296968
'14-Aug-2014 21:00:00',509.2254967,557.25,364.1895254
'14-Aug-2014 22:00:00',486.2696888,548.375,359.2809884
'14-Aug-2014 23:00:00',433.0863221,529.625,352.9126197
'15-Aug-2014 00:00:00',441.7327044,520,347.0479362
'15-Aug-2014 01:00:00',408.1220596,510.6580162,342.3392998
'15-Aug-2014 02:00:00',391.1917531,506.3333333,337.9382818
'15-Aug-2014 03:00:00',396.7482638,499.6,333.9970707
'15-Aug-2014 04:00:00',399.0619937,496.4,331.5224297
'15-Aug-2014 05:00:00',387.4669746,506.8125,334.7854939
'15-Aug-2014 06:00:00',392.8091307,524.3125,346.4806793
'15-Aug-2014 07:00:00',410.3565123,553.75,363.2346237
'15-Aug-2014 08:00:00',422.240433,596.875,370.2179175
'15-Aug-2014 09:00:00',427.571157,601.5,370.5948943
'15-Aug-2014 10:00:00',436.8739277,605,369.4391657
'15-Aug-2014 11:00:00',418.9328268,594.75,381.2512379
'15-Aug-2014 12:00:00',408.1138858,611.2460815,544.5507624
'15-Aug-2014 13:00:00',409.0250409,847.6786246,607.8853557
'15-Aug-2014 14:00:00',427.5587635,1281.75,613.1048871
'15-Aug-2014 15:00:00',487.4828695,1366.875,597.5075755
'15-Aug-2014 16:00:00',531.8636845,1306.600897,585.1227564
'15-Aug-2014 17:00:00',554.9897398,1195.110987,566.221091
'15-Aug-2014 18:00:00',557.2434455,1080.25,547.6589011
'15-Aug-2014 19:00:00',514.8455782,989.75,516.5280185
'15-Aug-2014 20:00:00',508.4107012,1010.248668,490.9773077
'15-Aug-2014 21:00:00',524.6097757,1271.998668,550.9324644
'15-Aug-2014 22:00:00',727.7361162,1459.25,586.7431457
'15-Aug-2014 23:00:00',853.9294689,1463,586.2562222
'16-Aug-2014 00:00:00',846.1938198,1410.25,574.3563186
'16-Aug-2014 01:00:00',828.1643938,1576.622449,576.9811347
'16-Aug-2014 02:00:00',972.5508157,2229.960352,676.4318792
'16-Aug-2014 03:00:00',1208.840895,2597.25,736.5548742
'16-Aug-2014 04:00:00',1361.84889,2467.666667,703.3865348
'16-Aug-2014 05:00:00',1326.540687,2247.833333,661.666673
'16-Aug-2014 06:00:00',1250.151944,2201.375,661.5184232
'16-Aug-2014 07:00:00',1228.881191,2313.5,675.6878419
'16-Aug-2014 08:00:00',1341.470273,2340.125,665.2570958
'16-Aug-2014 09:00:00',1347.71131,2230.75,640.5671296
'16-Aug-2014 10:00:00',1360.307788,2061.75,622.7159526
'16-Aug-2014 11:00:00',1245.594549,2023.271104,604.1176648
'16-Aug-2014 12:00:00',1321.634137,2609.420467,631.2347168
'16-Aug-2014 13:00:00',1447.46041,3147,703.7242312
'16-Aug-2014 14:00:00',1607.112398,3229.75,708.0644574
'16-Aug-2014 15:00:00',1641.50192,3079.875,702.7907873
'16-Aug-2014 16:00:00',1597.993673,2847,689.8218492
'16-Aug-2014 17:00:00',1661.633184,2716.375,727.2039968
'16-Aug-2014 18:00:00',1561.515556,2672.952174,774.2218505
'16-Aug-2014 19:00:00',1533.158243,2510.01087,736.3335076
'16-Aug-2014 20:00:00',1463.028781,2285.625,684.7023085
'16-Aug-2014 21:00:00',1450.073644,2059,643.5398445
'16-Aug-2014 22:00:00',1326.153413,1816.432271,621.1146539
'16-Aug-2014 23:00:00',1289.218656,1590.75,596.5170077
'17-Aug-2014 00:00:00',1242.915739,1456,574.2588085
'17-Aug-2014 01:00:00',1172.695247,1298.25,559.4319944
'17-Aug-2014 02:00:00',1074.432474,1147.496302,545.065546
'17-Aug-2014 03:00:00',992.1705756,1028.75,518.4403483
'17-Aug-2014 04:00:00',938.4444344,941.0625,484.6621006
'17-Aug-2014 05:00:00',894.1973787,899.8724583,466.9929955
'17-Aug-2014 06:00:00',811.270176,849.839416,453.2044484
'17-Aug-2014 07:00:00',794.8671658,805.6345515,439.2270932
'17-Aug-2014 08:00:00',723.5887699,756.75,428.1853756
'17-Aug-2014 09:00:00',670.2378893,719.6206497,417.8124254
'17-Aug-2014 10:00:00',649.098957,693.0921704,409.6492274
'17-Aug-2014 11:00:00',605.4026427,662.3637264,401.3824391
'17-Aug-2014 12:00:00',553.83705,639.375,393.9200857
'17-Aug-2014 13:00:00',549.6495486,609.75,387.1647302
'17-Aug-2014 14:00:00',525.7828751,594,378.0841318
'17-Aug-2014 15:00:00',481.7076057,559,373.6267992
'17-Aug-2014 16:00:00',467.8454956,542.4166667,367.6035635
'17-Aug-2014 17:00:00',448.1112743,531.1190476,361.7518594
'17-Aug-2014 18:00:00',411.6056911,522.4285714,355.0188733
'17-Aug-2014 19:00:00',402.0424639,518.0990991,347.7949894
'17-Aug-2014 20:00:00',381.8067124,506.4684685,341.8140524
'17-Aug-2014 21:00:00',365.0391902,493.4954955,336.3613847
'17-Aug-2014 22:00:00',340.9932949,481.8828829,330.7140428
'17-Aug-2014 23:00:00',326.5655376,480,321.4724254
'18-Aug-2014 00:00:00',304.8741134,468.75,312.4076628
'18-Aug-2014 01:00:00',277.1259157,456.875,298.5979917
'18-Aug-2014 02:00:00',252.485889,460.0454545,283.1312817
'18-Aug-2014 03:00:00',228.8208953,449.5,275.0468978
'18-Aug-2014 04:00:00',207.0190337,438.9545455,274.0756226
'18-Aug-2014 05:00:00',183.9368266,432.7083333,273.9003942
'18-Aug-2014 06:00:00',170.0657209,429.0416667,269.4740942
'18-Aug-2014 07:00:00',156.1996858,425.375,269.0070867
'18-Aug-2014 08:00:00',139.7074412,416.25,268.9778439
'18-Aug-2014 09:00:00',124.747432,412.4285714,263.5960042
'18-Aug-2014 10:00:00',114.5098047,399.5714286,264.5189015
'18-Aug-2014 11:00:00',100.642095,397,265.8695533
'18-Aug-2014 12:00:00',82.41394274,396.1785714,265.7519576
'18-Aug-2014 13:00:00',74.21433084,392.0714286,265.1335336
'18-Aug-2014 14:00:00',58.78276477,387.6904762,262.5378795
'18-Aug-2014 15:00:00',48.27505348,383.3095238,262.5378854
'18-Aug-2014 16:00:00',38.3571338,378.9285714,260.2269295
'18-Aug-2014 17:00:00',32.69881525,374.5714286,259.8409809
'18-Aug-2014 18:00:00',28.63523467,370.5,255.0275981
'18-Aug-2014 19:00:00',14.31190855,366.5,247.9535105
'18-Aug-2014 20:00:00',7.835761136,362.5,249.4304415
'18-Aug-2014 21:00:00',2.141514185,358.5,251.0995285
'18-Aug-2014 22:00:00',-7.155877457,354.5,250.4161894
'18-Aug-2014 23:00:00',-12.57275961,350.5,250.1041005
'19-Aug-2014 00:00:00',-18.91004044,346.5833333,250.0738967
'19-Aug-2014 01:00:00',-22.93977213,342.7166667,249.9529897
'19-Aug-2014 02:00:00',-26.65983107,338.85,250.315586
'19-Aug-2014 03:00:00',-29.78730368,334.9833333,245.7018473
'19-Aug-2014 04:00:00',-32.99500718,331.1166667,246.2527681
'19-Aug-2014 05:00:00',-34.18242577,327.25,246.2223311
'19-Aug-2014 06:00:00',-35.23571718,323.3833333,246.1614639
'19-Aug-2014 07:00:00',-36.49470689,319.3998299,244.8470273
'19-Aug-2014 08:00:00',-37.45676368,314.9489796,241.1774553
'19-Aug-2014 09:00:00',-38.85563632,310.4591837,241.6685845
'19-Aug-2014 10:00:00',-41.63954461,305.9693878,241.1756557
'19-Aug-2014 11:00:00',-43.98650166,301.4795918,240.3460079
'19-Aug-2014 12:00:00',-43.6868997,296.9897959,241.3616426
'19-Aug-2014 13:00:00',-40.92156887,292.5,240.0069416
'19-Aug-2014 14:00:00',-40.0815073,288.0102041,232.981523
'19-Aug-2014 15:00:00',-38.70286672,283.5204082,231.5874656
'19-Aug-2014 16:00:00',-35.65149014,279.0306122,233.5029956
'19-Aug-2014 17:00:00',-30.6853201,274.5408163,232.8590572
'19-Aug-2014 18:00:00',-25.93486981,270.0510204,232.9478252
'19-Aug-2014 19:00:00',-25.57904805,265.6973923,230.3601149
'19-Aug-2014 20:00:00',-26.8906591,262.9777778,233.6035201
'19-Aug-2014 21:00:00',-27.4430375,260.6666667,233.6303374
'19-Aug-2014 22:00:00',-29.45617674,258.3555556,233.5975525
'19-Aug-2014 23:00:00',-31.90236051,256.0444444,232.9727122
'20-Aug-2014 00:00:00',-34.74974267,253.7333333,233.2544829
'20-Aug-2014 01:00:00',-30.09609999,251.4222222,233.3481893
'20-Aug-2014 02:00:00',-24.21334702,249.1111111,233.5352192
'20-Aug-2014 03:00:00',-19.38483938,246.8,233.5352192
'20-Aug-2014 04:00:00',-17.53997085,244.4888889,229.7031039
'20-Aug-2014 05:00:00',-13.92075968,242.1777778,225.1124988
'20-Aug-2014 06:00:00',-11.33008402,239.8666667,227.976491
'20-Aug-2014 07:00:00',-10.14434896,237.5555556,227.7682802
'20-Aug-2014 08:00:00',-11.74044885,235.2444444,227.7842642
'20-Aug-2014 09:00:00',-13.53276809,232.9333333,226.4986485
'20-Aug-2014 10:00:00',-12.30931794,230.6222222,227.6715999
'20-Aug-2014 11:00:00',-11.14026321,228.3111111,227.6246388
'20-Aug-2014 12:00:00',-8.492481189,226,227.5847671
'20-Aug-2014 13:00:00',-7.726733331,223.6888889,227.5217051
'20-Aug-2014 14:00:00',-8.207129257,221.3777778,227.6108987
'20-Aug-2014 15:00:00',-7.016036359,219.0666667,227.516142
'20-Aug-2014 16:00:00',-7.868406661,216.7555556,227.5792198
'20-Aug-2014 17:00:00',-6.94881092,214.4444444,227.547673
'20-Aug-2014 18:00:00',-7.48483125,212.1333333,227.5161499
'20-Aug-2014 19:00:00',-8.219706096,209.8222222,227.2638152
'20-Aug-2014 20:00:00',-8.914946604,207.5111111,227.1691513
'20-Aug-2014 21:00:00',-10.19941563,205.2,225.8401202
'20-Aug-2014 22:00:00',-11.14087728,202.8888889,222.79428
'20-Aug-2014 23:00:00',-11.85178953,200.5777778,220.8601906
'21-Aug-2014 00:00:00',-12.56468135,198.2666667,224.7016864
'21-Aug-2014 01:00:00',-12.93052878,195.9555556,224.5748301
'21-Aug-2014 02:00:00',-13.33500363,193.6444444,224.5748301
'21-Aug-2014 03:00:00',-15.4374768,191.3333333,224.5430999
'21-Aug-2014 04:00:00',-20.69658276,189.0222222,224.543116
'21-Aug-2014 05:00:00',-32.40067323,187.4609743,224.2892664
'21-Aug-2014 06:00:00',-30.65218712,188.8991794,224.3210128
'21-Aug-2014 07:00:00',-23.86633528,190.5873388,224.2257737
'21-Aug-2014 08:00:00',-19.20877538,192.2754982,224.2575282
'21-Aug-2014 09:00:00',-14.80122974,211.4378195,223.0967977
'21-Aug-2014 10:00:00',-8.645734736,243.7376491,234.1386372
'21-Aug-2014 11:00:00',-4.821089061,271.7062607,237.6021733
'21-Aug-2014 12:00:00',-1.842321351,282.35,237.5402897
'21-Aug-2014 13:00:00',0.711887985,291.55,237.6021589
'21-Aug-2014 14:00:00',2.100972426,293.3333333,237.4475223
'21-Aug-2014 15:00:00',3.225085886,290.6666667,237.7258609
'21-Aug-2014 16:00:00',3.605090736,288,238.0670312
'21-Aug-2014 17:00:00',3.624814745,285.3333333,238.2088944
'21-Aug-2014 18:00:00',2.67368314,282.0658602,238.9319893
'21-Aug-2014 19:00:00',0.283356252,276.3951613,239.0225053
'21-Aug-2014 20:00:00',0.161192539,270.5241935,239.4364012
'21-Aug-2014 21:00:00',-0.428137393,264.6532258,239.6475371
'21-Aug-2014 22:00:00',-1.548761249,258.7822581,239.6800905
'21-Aug-2014 23:00:00',-3.081326248,252.9112903,239.5857476
'22-Aug-2014 00:00:00',-5.227569053,247.0403226,238.1053451
'22-Aug-2014 01:00:00',-6.811433136,241.1693548,239.2833505
'22-Aug-2014 02:00:00',-7.50108158,235.2983871,239.0604297
'22-Aug-2014 03:00:00',-8.376419385,229.4274193,238.8908634
'22-Aug-2014 04:00:00',-8.231090382,223.5564516,238.5753525
'22-Aug-2014 05:00:00',-8.231278011,217.6854839,238.2343852
'22-Aug-2014 06:00:00',-7.940028209,211.8145161,238.2905462
'22-Aug-2014 07:00:00',-7.940215838,205.9435484,238.1585917
'22-Aug-2014 08:00:00',-7.803776305,200.0725807,238.004033
'22-Aug-2014 09:00:00',-7.395583476,194.2016129,237.942229
'22-Aug-2014 10:00:00',-7.395583476,190.3870968,237.8495122
'22-Aug-2014 11:00:00',-6.886854335,187.8064516,237.8804323
'22-Aug-2014 12:00:00',-7.014224249,185.2258065,235.9291697
'22-Aug-2014 13:00:00',-6.895748592,182.6451613,234.4693825
'22-Aug-2014 14:00:00',-6.768900828,180.0645161,234.1270455
'22-Aug-2014 15:00:00',-6.079234531,177.483871,228.7000325
'22-Aug-2014 16:00:00',-5.96819668,174.9032258,223.7449241
'22-Aug-2014 17:00:00',-5.663925294,172.3225806,223.8207981
'22-Aug-2014 18:00:00',-5.359356111,169.7419355,223.763134
'22-Aug-2014 19:00:00',-5.081086955,167.1612903,221.9966555
'22-Aug-2014 20:00:00',-5.072962964,164.5806452,221.852167
'22-Aug-2014 21:00:00',-5.163374615,162,223.7506926
'22-Aug-2014 22:00:00',-5.162650691,159.4193548,223.5587517
'22-Aug-2014 23:00:00',-4.982551313,156.8387097,223.971738
'23-Aug-2014 00:00:00',-4.801728011,154.2580645,223.4943699
'23-Aug-2014 01:00:00',-4.801728011,151.6774194,223.3354262
'23-Aug-2014 02:00:00',-4.802150361,149.0967742,224.0352875
'23-Aug-2014 03:00:00',-4.802150361,146.516129,214.9042591
'23-Aug-2014 04:00:00',-4.71734492,143.9354839,219.8086055
'23-Aug-2014 05:00:00',-4.548578736,141.3548387,219.7297659
'23-Aug-2014 06:00:00',-4.549001086,138.7741935,219.7938191
'23-Aug-2014 07:00:00',-4.633384177,136.1935484,219.7938191
'23-Aug-2014 08:00:00',-4.464195645,133.6129032,219.2482263
'23-Aug-2014 09:00:00',-4.307145372,131.0322581,215.8380121
'23-Aug-2014 10:00:00',-4.149672751,128.4516129,219.1204932
'23-Aug-2014 11:00:00',-4.077491379,125.8709677,219.4093149
'23-Aug-2014 12:00:00',-4.077491379,123.2903226,216.4154982
'23-Aug-2014 13:00:00',-4.004605845,120.7096774,214.4152921
'23-Aug-2014 14:00:00',-3.857333749,118.1290323,214.5771427
'23-Aug-2014 15:00:00',-3.582497756,115.5483871,214.7714336
'23-Aug-2014 16:00:00',-3.519853558,112.9677419,215.2959419
'23-Aug-2014 17:00:00',-3.328073469,111.3888889,215.3281145
'23-Aug-2014 18:00:00',-3.327275862,110.4111111,210.8946558
'23-Aug-2014 19:00:00',-3.147846557,109.4333333,212.075371
'23-Aug-2014 20:00:00',-3.147424208,108.4555556,214.1225274
'23-Aug-2014 21:00:00',-3.20695241,107.4777778,214.6419356
'23-Aug-2014 22:00:00',-3.087896006,106.5,213.3764037
'23-Aug-2014 23:00:00',-3.390295317,105.5222222,214.4152305
'24-Aug-2014 00:00:00',-3.787803598,104.5444444,214.9978929
'24-Aug-2014 01:00:00',-4.50533794,103.5666667,215.1596294
'24-Aug-2014 02:00:00',-9.359389412,102.5888889,211.4470813
'24-Aug-2014 03:00:00',-22.76930229,101.6111111,207.5628057
'24-Aug-2014 04:00:00',-42.19679635,106.3571429,215.518813
'24-Aug-2014 05:00:00',-54.60023525,120.6428571,214.2392396
'24-Aug-2014 06:00:00',-63.78206532,322.8114755,214.1517054
'24-Aug-2014 07:00:00',-69.16197964,2248.301672,350.3198715
'24-Aug-2014 08:00:00',652.2025489,3061.560202,745.0946026
'24-Aug-2014 09:00:00',1063.698628,3055.768248,784.1828628
'24-Aug-2014 10:00:00',1126.595702,2684.839895,749.1746989
'24-Aug-2014 11:00:00',1020.632877,2329.25,659.5478902
'24-Aug-2014 12:00:00',957.9880423,2052.75,599.9348196
'24-Aug-2014 13:00:00',906.4656348,1822,572.7370783
'24-Aug-2014 14:00:00',872.8214371,1710.25,548.4157373
'24-Aug-2014 15:00:00',862.5773903,1565.852625,501.6654962
'24-Aug-2014 16:00:00',779.0781843,1417.374585,466.2543243
'24-Aug-2014 17:00:00',692.9041743,1224.125,443.759872
'24-Aug-2014 18:00:00',633.3418959,1073.125,424.5115574
'24-Aug-2014 19:00:00',541.9462489,969.5,407.501961
'24-Aug-2014 20:00:00',515.0151981,881.4227707,392.7481987
'24-Aug-2014 21:00:00',463.3915721,799.1058021,380.9934618
'24-Aug-2014 22:00:00',401.8162011,749.125,372.6083914
'24-Aug-2014 23:00:00',334.5689678,701,364.5547848
'25-Aug-2014 00:00:00',272.7228873,656.5,357.0114781
'25-Aug-2014 01:00:00',232.4065696,617.875,350.7147035
'25-Aug-2014 02:00:00',191.5197763,581.25,343.8968944
'25-Aug-2014 03:00:00',163.8261075,560.5,338.9810237
'25-Aug-2014 04:00:00',127.9739768,525.35,332.1608151
'25-Aug-2014 05:00:00',106.1217483,510.4,321.5411184
'25-Aug-2014 06:00:00',97.54668015,504,312.5639926
'25-Aug-2014 07:00:00',81.87575034,489.6,301.9595038
'25-Aug-2014 08:00:00',72.70723921,477.3730769,289.6103249
'25-Aug-2014 09:00:00',60.41931737,467.4358975,276.6111861
'25-Aug-2014 10:00:00',51.96215239,457.3846154,273.3923247
'25-Aug-2014 11:00:00',44.67424309,447.3333333,270.9584917
'25-Aug-2014 12:00:00',40.28814395,437.2820513,268.7730816
'25-Aug-2014 13:00:00',36.84299974,412.6875,263.5630351
'25-Aug-2014 14:00:00',35.53138253,394.625,262.2376154
'25-Aug-2014 15:00:00',33.2463886,380.9583333,261.65676
'25-Aug-2014 16:00:00',31.03778475,367.4166667,260.6335406
'25-Aug-2014 17:00:00',28.9647858,354.375,260.3457697
'25-Aug-2014 18:00:00',28.03246895,341.375,258.7406763
'25-Aug-2014 19:00:00',26.54565318,328.375,257.9913973
'25-Aug-2014 20:00:00',24.48292318,316.5432692,255.4875662
'25-Aug-2014 21:00:00',22.57538153,309.3846154,255.3979071
'25-Aug-2014 22:00:00',19.35580941,302.6153846,255.1581132
'25-Aug-2014 23:00:00',14.49991303,296.3828671,254.205079
'26-Aug-2014 00:00:00',8.688713843,296.5909091,254.2002164
'26-Aug-2014 01:00:00',2.218542589,298.4090909,254.0790151
'26-Aug-2014 02:00:00',5.388803542,303.2073968,254.0189764
'26-Aug-2014 03:00:00',14.1612685,326.0034495,253.8389116
'26-Aug-2014 04:00:00',20.59581275,386.874404,252.9364285
'26-Aug-2014 05:00:00',23.89076677,454.0286169,253.7484789
'26-Aug-2014 06:00:00',19.34793049,514.5,254.5103932
'26-Aug-2014 07:00:00',45.32854218,726.079917,299.7273454
'26-Aug-2014 08:00:00',244.5070986,1341.216943,513.6359498
'26-Aug-2014 09:00:00',473.7685694,1997.456904,619.7192833
'26-Aug-2014 10:00:00',692.6357776,2572,714.2885086
'26-Aug-2014 11:00:00',1002.073136,2881.5,782.7274499
'26-Aug-2014 12:00:00',1152.283044,2772.875,761.8863508
'26-Aug-2014 13:00:00',1170.262482,2442.049639,691.4159138
'26-Aug-2014 14:00:00',1102.398636,2179.375,658.1156766
'26-Aug-2014 15:00:00',1043.969511,1975.5,631.0174805
'26-Aug-2014 16:00:00',1040.661539,1849.375,619.4729037
'26-Aug-2014 17:00:00',1104.784527,1972.625,623.1416919
'26-Aug-2014 18:00:00',1238.269832,2288.487342,657.2519917
'26-Aug-2014 19:00:00',1373.699152,2601.974684,687.0467839
'26-Aug-2014 20:00:00',1430.459516,2713.5,693.2523365
'26-Aug-2014 21:00:00',1463.178297,2841.125,731.7249707
'26-Aug-2014 22:00:00',1512.967993,2766.25,738.0427821
'26-Aug-2014 23:00:00',1543.268541,2542.375,697.192843
'27-Aug-2014 00:00:00',1495.207281,2271.176702,652.514343
'27-Aug-2014 01:00:00',1369.836664,2033.25,624.4527918
'27-Aug-2014 02:00:00',1298.845804,1855.5,598.7693853
'27-Aug-2014 03:00:00',1187.226616,2901.5,627.5957417
'27-Aug-2014 04:00:00',1332.826692,5002.5,1022.826124
'27-Aug-2014 05:00:00',2073.502249,5624.5,1571.825789
'27-Aug-2014 06:00:00',2529.418278,5498.625,1850.67112
'27-Aug-2014 07:00:00',3111.803611,5191.25,1669.200738
'27-Aug-2014 08:00:00',3088.760664,4554.25,1310.522669
'27-Aug-2014 09:00:00',2866.842028,4173.5,1034.595713
'27-Aug-2014 10:00:00',2775.190711,3852.75,897.0935177
'27-Aug-2014 11:00:00',2768.9731,3530.135678,782.8800581
'27-Aug-2014 12:00:00',2630.173211,3249.5,730.2817948
'27-Aug-2014 13:00:00',2396.050469,2946.125,680.1294404
'27-Aug-2014 14:00:00',2301.014661,2732.867225,651.4588365
'27-Aug-2014 15:00:00',2202.506465,2521.25,619.6668649
'27-Aug-2014 16:00:00',2100.614122,2299.5,600.6948036
'27-Aug-2014 17:00:00',2041.186931,2096.5,584.9261183
'27-Aug-2014 18:00:00',1983.176818,1940.75,568.8541479
'27-Aug-2014 19:00:00',1932.015715,1795.568063,557.6165196
'27-Aug-2014 20:00:00',1780.340036,1675.375,545.8419483
'27-Aug-2014 21:00:00',1776.674447,1568.875,535.9637967
'27-Aug-2014 22:00:00',1628.625187,1468.25,493.1093732
'27-Aug-2014 23:00:00',1572.773148,1398.125,479.1195353
'28-Aug-2014 00:00:00',1434.161515,1272.25,464.7792902
'28-Aug-2014 01:00:00',1316.24524,1169.438625,452.6992876
'28-Aug-2014 02:00:00',1299.857303,1074.75,439.9107279
'28-Aug-2014 03:00:00',1162.21589,1013.8125,429.7818619
'28-Aug-2014 04:00:00',1151.179627,964.0625,420.8379902
'28-Aug-2014 05:00:00',1072.648805,888.9207317,412.0578061
'28-Aug-2014 06:00:00',1049.861001,825.5,405.1355338
'28-Aug-2014 07:00:00',975.8363629,758.1927115,396.8826345
'28-Aug-2014 08:00:00',918.7484971,708.2234529,390.9145264
'28-Aug-2014 09:00:00',901.3873988,671.5833333,385.956594
'28-Aug-2014 10:00:00',835.9784026,648.75,379.3198166
'28-Aug-2014 11:00:00',771.8334254,626.875,373.3288704
'28-Aug-2014 12:00:00',727.3992803,604.375,368.5114555
'28-Aug-2014 13:00:00',710.4977597,589.25,364.1240299
'28-Aug-2014 14:00:00',628.398165,570.5,360.070141
'28-Aug-2014 15:00:00',587.4073875,551.7777778,355.6028344
'28-Aug-2014 16:00:00',550.4318839,540.2222222,348.4589448
'28-Aug-2014 17:00:00',521.4081104,532,341.8686275
'28-Aug-2014 18:00:00',507.2088765,528.859375,333.634601
'28-Aug-2014 19:00:00',498.2776423,520.03125,328.3052592
'28-Aug-2014 20:00:00',478.1360429,509.78125,322.3790607
'28-Aug-2014 21:00:00',438.823664,499.53125,315.6566983
'28-Aug-2014 22:00:00',427.4469876,492.921875,305.6672979
'28-Aug-2014 23:00:00',408.5918275,481.2649077,290.9680279
'29-Aug-2014 00:00:00',390.2313209,472.5894462,277.1219211
'29-Aug-2014 01:00:00',364.8094811,466.0022872,272.0302634
'29-Aug-2014 02:00:00',340.2954049,459.4151282,272.5657035
'29-Aug-2014 03:00:00',324.1502817,452.8279693,272.0695013
'29-Aug-2014 04:00:00',315.0454362,446.2408103,265.0143879
'29-Aug-2014 05:00:00',291.2179019,439.6536514,267.7291633
'29-Aug-2014 06:00:00',257.8745483,433.0664924,267.6602843
'29-Aug-2014 07:00:00',232.7295747,426.4793334,261.2662566
'29-Aug-2014 08:00:00',211.7317783,416.9258573,262.7916454
'29-Aug-2014 09:00:00',195.9580607,411.4589898,262.4258247
'29-Aug-2014 10:00:00',177.5144509,404,262.3646495
'29-Aug-2014 11:00:00',161.2700771,404,262.4787741
'29-Aug-2014 12:00:00',147.1569147,404,261.352983
'29-Aug-2014 13:00:00',128.6404469,396,262.0644902
'29-Aug-2014 14:00:00',110.9656718,385.1,258.099151
'29-Aug-2014 15:00:00',101.6196331,382.9,254.374227
'29-Aug-2014 16:00:00',82.12334544,389.8333333,255.4194239
'29-Aug-2014 17:00:00',65.10653677,382.6496509,254.2639637
'29-Aug-2014 18:00:00',54.20199379,374.8769633,253.9653946
'29-Aug-2014 19:00:00',44.07974103,374,253.7789123
'29-Aug-2014 20:00:00',34.8277257,374,253.6892943
'29-Aug-2014 21:00:00',35.97164331,374,253.6287347
'29-Aug-2014 22:00:00',49.28979723,374,253.4485292
'29-Aug-2014 23:00:00',58.45625849,374,251.4888557
'30-Aug-2014 00:00:00',70.20873379,374,248.7374148
'30-Aug-2014 01:00:00',77.6861527,407.2154605,255.0375727
'30-Aug-2014 02:00:00',75.66110568,475.3947369,291.4736734
'30-Aug-2014 03:00:00',74.94334448,525.84375,357.5095575
'30-Aug-2014 04:00:00',76.50777044,542.5,358.5816553
'30-Aug-2014 05:00:00',83.43586112,547.125,360.993829
'30-Aug-2014 06:00:00',92.87102488,605.8586223,565.5677772
'30-Aug-2014 07:00:00',106.3734301,1061.144737,658.0330326
'30-Aug-2014 08:00:00',124.2673387,1333.375,617.7073698
'30-Aug-2014 09:00:00',166.9803814,1275,590.7607858
'30-Aug-2014 10:00:00',205.1783182,1210.25,582.752781
'30-Aug-2014 11:00:00',232.3825695,1137.75,569.5036055
'30-Aug-2014 12:00:00',233.6108779,1058.5,552.9395173
'30-Aug-2014 13:00:00',239.795478,975.1703204,538.6016126
'30-Aug-2014 14:00:00',222.6129722,919.8393379,488.2695318
'30-Aug-2014 15:00:00',215.7443715,838.3979683,466.4460565
'30-Aug-2014 16:00:00',198.0769147,795.375,450.3530701
'30-Aug-2014 17:00:00',182.0311444,750.875,436.7571151
'30-Aug-2014 18:00:00',165.1452093,709.9375,422.5601836
'30-Aug-2014 19:00:00',152.0557574,664.947601,409.4948204
'30-Aug-2014 20:00:00',134.3006815,628.9772727,400.2711061
'30-Aug-2014 21:00:00',120.6475019,605,390.5202887
'30-Aug-2014 22:00:00',102.2720139,593.2142857,382.7642022
'30-Aug-2014 23:00:00',89.36553684,561.7857143,375.0480571
'31-Aug-2014 00:00:00',80.46301777,548.625,369.4679237
'31-Aug-2014 01:00:00',68.76323686,529.5,363.1249181
'31-Aug-2014 02:00:00',58.30652031,523.25,357.7188064
'31-Aug-2014 03:00:00',47.80593735,507,350.4732169
'31-Aug-2014 04:00:00',42.58330877,503.6,346.6996733
'31-Aug-2014 05:00:00',34.59891059,488.4,343.0992403
'31-Aug-2014 06:00:00',26.17494823,477.7777778,338.5370845
'31-Aug-2014 07:00:00',20.07322071,474.2222222,332.1207779
'31-Aug-2014 08:00:00',15.00013178,464.5,326.0424541
'31-Aug-2014 09:00:00',8.870742675,446.125,320.3666764
'31-Aug-2014 10:00:00',4.42204108,442.8,315.4496359
'31-Aug-2014 11:00:00',2.319304023,430.8875,308.6484566
'31-Aug-2014 12:00:00',1.240744559,429.7291667,300.3618369
'31-Aug-2014 13:00:00',4.967298408,421.0833333,288.1567955
'31-Aug-2014 14:00:00',2.943233935,411.526178,276.4919332
'31-Aug-2014 15:00:00',5.874643659,410.568734,271.6482363
'31-Aug-2014 16:00:00',-5.213144622,410.2307692,272.3437235
'31-Aug-2014 17:00:00',-28.80396296,451.2187371,272.3933957
'31-Aug-2014 18:00:00',-4.032908455,2468.201923,678.9549607
'31-Aug-2014 19:00:00',783.873822,4834.227273,1051.323872
'31-Aug-2014 20:00:00',1696.909554,5536.75,1590.60838
'31-Aug-2014 21:00:00',2410.25424,5529.25,2065.37196
'31-Aug-2014 22:00:00',2622.147536,5314.25,1872.82015
'31-Aug-2014 23:00:00',2898.979626,4817.166667,1560.077373
'01-Sep-2014 00:00:00',2723.152026,4279.75,1179.711443
'01-Sep-2014 01:00:00',2459.074855,3871.375,992.4265335
'01-Sep-2014 02:00:00',2304.876302,4007.5,917.211744
'01-Sep-2014 03:00:00',2269.920392,4443.125,927.2884499
'01-Sep-2014 04:00:00',2362.554028,4935.75,1036.644408
'01-Sep-2014 05:00:00',2419.811624,5460.5,1346.093792
'01-Sep-2014 06:00:00',3011.279725,5605.625,1888.8078
'01-Sep-2014 07:00:00',3505.948279,5141,1782.034536
'01-Sep-2014 08:00:00',3446.709186,4625.25,1464.847918
'01-Sep-2014 09:00:00',3011.502419,3984.25,1124.035857
'01-Sep-2014 10:00:00',2942.60073,3574.25,963.7374472
'01-Sep-2014 11:00:00',2572.046524,3231.75,802.2999726
'01-Sep-2014 12:00:00',2393.646273,2969.375,754.4069575
'01-Sep-2014 13:00:00',2312.432057,2792.25,703.4274077
'01-Sep-2014 14:00:00',2226.439281,2532.125,670.4816761
'01-Sep-2014 15:00:00',2103.861169,2362.625,646.6331866
'01-Sep-2014 16:00:00',2098.416514,2222,621.7369542
'01-Sep-2014 17:00:00',2033.98341,2168.75,611.7440654
'01-Sep-2014 18:00:00',2043.855292,2129.625,607.411229
'01-Sep-2014 19:00:00',1961.777655,2104.75,604.9200703
'01-Sep-2014 20:00:00',1926.594994,2006.5,595.8279528
'01-Sep-2014 21:00:00',1899.151842,1928.25,583.3552615
'01-Sep-2014 22:00:00',1839.442766,1844.5,572.8252758
'01-Sep-2014 23:00:00',1778.075621,1748.5,561.0972133
'02-Sep-2014 00:00:00',1790.040597,1661,550.7927165
'02-Sep-2014 01:00:00',1694.932975,1575.75,540.5194066
'02-Sep-2014 02:00:00',1550.339984,1477.125,526.194576
'02-Sep-2014 03:00:00',1524.111011,1376,490.1257172
'02-Sep-2014 04:00:00',1457.501335,1284.150054,475.2633772
'02-Sep-2014 05:00:00',1407.409399,1170.795535,464.557829
'02-Sep-2014 06:00:00',1270.8222,1106.125,451.9688998
'02-Sep-2014 07:00:00',1211.68957,1035.375,442.0308774
'02-Sep-2014 08:00:00',1207.611086,985.5,432.481018
'02-Sep-2014 09:00:00',1170.746094,910.9,423.9433939
'02-Sep-2014 10:00:00',1097.045154,853.6,416.4466238
'02-Sep-2014 11:00:00',1007.349095,815.875,409.9426946
'02-Sep-2014 12:00:00',992.1137147,754.5,401.6257162
'02-Sep-2014 13:00:00',993.6548404,702.625,397.5406136
'02-Sep-2014 14:00:00',898.0662169,675.875,391.0974509
'02-Sep-2014 15:00:00',923.9560502,649.5,385.0854034
'02-Sep-2014 16:00:00',885.5665734,627.5,379.8492935
'02-Sep-2014 17:00:00',788.7437532,610.5,375.6104378
'02-Sep-2014 18:00:00',783.8521127,603.5,371.4223074
'02-Sep-2014 19:00:00',707.839068,583.625,367.8144931
'02-Sep-2014 20:00:00',701.7951203,582.25,364.5747226
'02-Sep-2014 21:00:00',676.4722937,564.375,360.6334793
'02-Sep-2014 22:00:00',633.9320254,556.4,355.428299
'02-Sep-2014 23:00:00',606.7357684,542,350.1612821
'03-Sep-2014 00:00:00',557.0729947,533,344.8440802
'03-Sep-2014 01:00:00',525.4947026,533,341.5665734
'03-Sep-2014 02:00:00',504.0615916,528.5,338.6261241
'03-Sep-2014 03:00:00',476.3652532,516.5,335.1651184
'03-Sep-2014 04:00:00',459.4861814,504.5,331.4011365
'03-Sep-2014 05:00:00',456.8649566,498,327.4298791
'03-Sep-2014 06:00:00',449.8514953,500.5,321.9799758
'03-Sep-2014 07:00:00',425.7559707,488,316.5392885
'03-Sep-2014 08:00:00',408.3585209,475.5555555,309.857484
'03-Sep-2014 09:00:00',407.9542703,468.4444444,302.5293656
'03-Sep-2014 10:00:00',385.3287084,465.3,294.9566634
'03-Sep-2014 11:00:00',387.2040893,458.2,284.7331822
'03-Sep-2014 12:00:00',364.7513391,464.7857143,276.3185117
'03-Sep-2014 13:00:00',348.8333912,456.2142857,273.6060451
'03-Sep-2014 14:00:00',334.1978051,450.1875,272.1692002
'03-Sep-2014 15:00:00',319.6212325,445.6875,271.8503425
'03-Sep-2014 16:00:00',296.2732863,441.1875,271.7790223
'03-Sep-2014 17:00:00',271.0330011,436.6875,270.6705409
'03-Sep-2014 18:00:00',255.0863198,430.9615385,268.9778382
'03-Sep-2014 19:00:00',227.5950414,424.5,268.0993437
'03-Sep-2014 20:00:00',208.7410262,418.0384615,267.3964151
'03-Sep-2014 21:00:00',191.6591882,420.3409091,267.1911115
'03-Sep-2014 22:00:00',168.2222258,417.0454546,262.7014482
'03-Sep-2014 23:00:00',155.1465495,410.8636364,262.3993843
'04-Sep-2014 00:00:00',139.3857955,407,262.2286148
'04-Sep-2014 01:00:00',127.5207942,407,261.5913027
'04-Sep-2014 02:00:00',109.4106873,400.4027778,259.7309618
'04-Sep-2014 03:00:00',102.6980287,392.6388889,260.7394004
'04-Sep-2014 04:00:00',91.77081441,391.0833333,260.6725912
'04-Sep-2014 05:00:00',73.28620306,389.5277778,260.5534884
'04-Sep-2014 06:00:00',61.41965093,387.9722222,253.3542213
'04-Sep-2014 07:00:00',49.22602511,385.7808267,255.6978282
'04-Sep-2014 08:00:00',39.42911918,382.5296978,253.6572103
'04-Sep-2014 09:00:00',30.14508327,379.2785689,253.6669196
'04-Sep-2014 10:00:00',25.15777504,376.0274401,253.5086063
'04-Sep-2014 11:00:00',15.31396004,374,253.6287347
'04-Sep-2014 12:00:00',8.281501988,372.9689248,253.4485036
'04-Sep-2014 13:00:00',6.86763126,369.8844002,252.4548479
'04-Sep-2014 14:00:00',-1.47912078,366.7520199,249.9832066
'04-Sep-2014 15:00:00',-8.74655215,363.6196395,248.9837556
'04-Sep-2014 16:00:00',-13.26671286,360.4872592,249.1929025
'04-Sep-2014 17:00:00',-19.27935754,357.3548788,241.7264056
'04-Sep-2014 18:00:00',-24.21199705,354.2224984,245.1035541
'04-Sep-2014 19:00:00',-27.72386913,351.0901181,243.7190691
'04-Sep-2014 20:00:00',-30.11818591,347.9577377,238.9436446
'04-Sep-2014 21:00:00',-31.60509399,343.9185332,240.4165548
'04-Sep-2014 22:00:00',-32.25268824,338.367955,240.2937723
'04-Sep-2014 23:00:00',-33.09074958,332.8173768,239.6869953
'05-Sep-2014 00:00:00',-33.62720056,327.2667986,239.1930862
'05-Sep-2014 01:00:00',-34.61609852,321.7162204,239.5642339
'05-Sep-2014 02:00:00',-34.84469642,316.1656422,239.0845933
'05-Sep-2014 03:00:00',-35.7332206,310.6150641,235.0038871
'05-Sep-2014 04:00:00',-35.56417402,305.0644859,228.403546
'05-Sep-2014 05:00:00',-32.98771868,299.5139077,230.4272124
'05-Sep-2014 06:00:00',-28.07516948,293.9633295,230.7228949
'05-Sep-2014 07:00:00',-25.6938514,288.4127513,229.4353634
'05-Sep-2014 08:00:00',-22.23852776,282.8621731,228.3266278
'05-Sep-2014 09:00:00',-19.0322662,277.3115949,228.2665573
'05-Sep-2014 10:00:00',-14.07804047,272.1124631,227.3965569
'05-Sep-2014 11:00:00',-13.36669958,268.7122034,227.3924635
'05-Sep-2014 12:00:00',-11.71143982,265.5601214,227.5530277
'05-Sep-2014 13:00:00',-8.938302442,262.4080394,226.9598156
'05-Sep-2014 14:00:00',-7.010833718,259.2559574,227.5256065
'05-Sep-2014 15:00:00',-5.583489832,256.1038754,227.442391
'05-Sep-2014 16:00:00',-4.903041303,252.9517934,226.543188
'05-Sep-2014 17:00:00',-3.699122059,249.7997115,226.887762
'05-Sep-2014 18:00:00',-3.504334566,246.6476295,225.3065821
'05-Sep-2014 19:00:00',-3.46561693,243.4955475,224.0670654
'05-Sep-2014 20:00:00',-3.166047682,240.3434655,225.113768
'05-Sep-2014 21:00:00',-2.597460678,237.1913835,224.9236204
'05-Sep-2014 22:00:00',-2.675586448,234.0393015,224.8919224
'05-Sep-2014 23:00:00',-3.551023818,230.8872195,224.6699804
'06-Sep-2014 00:00:00',-3.378030335,227.7351376,223.5257665
'06-Sep-2014 01:00:00',-3.62278788,224.5830556,222.4129192
'06-Sep-2014 02:00:00',-4.109394236,221.4309736,221.9720139
'06-Sep-2014 03:00:00',-5.198107959,218.2788916,222.1632324
'06-Sep-2014 04:00:00',-5.750684032,215.1268096,222.0896997
'06-Sep-2014 05:00:00',-6.829594564,211.9747276,221.9697408
'06-Sep-2014 06:00:00',-8.310424593,208.8226456,222.2369619
'06-Sep-2014 07:00:00',-9.032227349,205.6705637,221.9836526
'06-Sep-2014 08:00:00',-10.27685001,202.5184817,221.9682307
'06-Sep-2014 09:00:00',-11.03237287,199.3663997,221.9031757
'06-Sep-2014 10:00:00',-11.86095115,196.2143177,221.9031345
'06-Sep-2014 11:00:00',-12.03057064,193.0622357,221.7117904
'06-Sep-2014 12:00:00',-12.28541099,189.9101537,221.3926496
'06-Sep-2014 13:00:00',-11.6879863,186.7580717,221.0732518
'06-Sep-2014 14:00:00',-10.737223,183.9345051,215.6439048
'06-Sep-2014 15:00:00',-9.988614922,182.425,214.2245189
'06-Sep-2014 16:00:00',-9.988504753,181.025,215.4919089
'06-Sep-2014 17:00:00',-9.643538587,179.625,215.643502
'06-Sep-2014 18:00:00',-9.311181815,178.225,215.1575963
'06-Sep-2014 19:00:00',-8.677771459,176.8375,215.0299366
'06-Sep-2014 20:00:00',-8.522152555,175.5,216.1696149
'06-Sep-2014 21:00:00',-9.321131319,174.1666667,215.7876775
'06-Sep-2014 22:00:00',-10.16510808,172.8333333,214.1127148
'06-Sep-2014 23:00:00',-9.643116238,171.5,215.1146735
'07-Sep-2014 00:00:00',-9.144018193,170.1666667,214.900853
'07-Sep-2014 01:00:00',-8.832780385,168.8333333,215.1645191
'07-Sep-2014 02:00:00',-8.375589141,167.5,215.0177752
'07-Sep-2014 03:00:00',-8.37601149,166.1666667,215.0708521
'07-Sep-2014 04:00:00',-7.939418231,164.8333333,215.0420737
'07-Sep-2014 05:00:00',-7.531835381,163.5,215.0814713
'07-Sep-2014 06:00:00',-7.267978842,162.1666667,214.8554208
'07-Sep-2014 07:00:00',-7.141218906,160.8333333,214.7757692
'07-Sep-2014 08:00:00',-6.886854335,159.5,214.9076887
'07-Sep-2014 09:00:00',-6.768003421,158.1666667,213.3762661
'07-Sep-2014 10:00:00',-6.530301592,156.8333333,214.6095831
'07-Sep-2014 11:00:00',-6.411450677,155.5,214.7067022
'07-Sep-2014 12:00:00',-6.411028328,154.1666667,214.5772042
'07-Sep-2014 13:00:00',-6.301200064,152.7492016,214.5124552
'07-Sep-2014 14:00:00',-5.967486902,150.9952096,214.4800411
'07-Sep-2014 15:00:00',-5.760547187,149.2131736,205.9818648
'07-Sep-2014 16:00:00',-5.553309674,147.4311377,213.4711056
'07-Sep-2014 17:00:00',-5.262097886,145.6491018,214.6981238
'07-Sep-2014 18:00:00',-5.081086955,143.8670659,211.0023276
'07-Sep-2014 19:00:00',-4.893406711,142.0850299,211.0023367
'07-Sep-2014 20:00:00',-4.802150361,140.302994,211.2668905
'07-Sep-2014 21:00:00',-4.717767269,138.5209581,210.8765969
'07-Sep-2014 22:00:00',-4.548578736,136.7389222,210.906573
'07-Sep-2014 23:00:00',-4.548578736,134.9568862,211.0681526
'08-Sep-2014 00:00:00',-4.307567722,133.1748503,211.1327899
'08-Sep-2014 01:00:00',-4.385881683,131.3928144,211.1001879
'08-Sep-2014 02:00:00',-4.149672751,129.6107784,209.4324928
'08-Sep-2014 03:00:00',-4.1500951,127.8287425,211.1001879
'08-Sep-2014 04:00:00',-4.150517449,126.0467066,210.9697076
'08-Sep-2014 05:00:00',-4.077491379,124.2646707,211.0349114
'08-Sep-2014 06:00:00',-3.930172191,122.4826347,210.8391909
'08-Sep-2014 07:00:00',-3.787803598,120.7005988,210.7739235
'08-Sep-2014 08:00:00',-3.787803598,118.9185629,209.7594641
'08-Sep-2014 09:00:00',-3.719728124,117.1365269,208.2211739
'08-Sep-2014 10:00:00',-3.583342455,115.354491,208.3524073
'08-Sep-2014 11:00:00',-3.583342455,113.5724551,208.3524166
'08-Sep-2014 12:00:00',-3.391937622,111.7904192,208.1226882
'08-Sep-2014 13:00:00',-3.32788584,110.0083832,208.2539776
'08-Sep-2014 14:00:00',-3.090446087,108.2263473,208.1226882
'08-Sep-2014 15:00:00',-3.150011012,106.4443114,207.9913616
'08-Sep-2014 16:00:00',-2.816917327,104.6622754,206.2134032
'08-Sep-2014 17:00:00',-2.765239277,102.8802395,207.0361444
'08-Sep-2014 18:00:00',-2.613230333,101.0982036,205.1571553
'08-Sep-2014 19:00:00',-2.467618299,99.31616766,205.3562766
'08-Sep-2014 20:00:00',-2.377144349,97.53413173,206.4776654
'08-Sep-2014 21:00:00',-2.332329723,95.7520958,200.3315652
'08-Sep-2014 22:00:00',-2.286791173,93.97005988,199.8968281
'08-Sep-2014 23:00:00',-2.287515097,92.18802395,204.2448946
'09-Sep-2014 00:00:00',-2.20336003,90.40598802,204.929088
'09-Sep-2014 01:00:00',-2.162368382,88.62395209,204.2731074
'09-Sep-2014 02:00:00',-2.123548298,86.84191616,202.3962008
'09-Sep-2014 03:00:00',-2.120351236,85.05988024,202.9608059
'09-Sep-2014 04:00:00',-2.084728213,83.27784431,202.3522473
'09-Sep-2014 05:00:00',-2.081832726,81.49580838,202.1209059
'09-Sep-2014 06:00:00',-2.12065281,79.71377245,202.3824239
'09-Sep-2014 07:00:00',-2.785551913,79.51698114,202.7189719
'09-Sep-2014 08:00:00',-6.041911967,81.96226416,202.5014682
'09-Sep-2014 09:00:00',-13.68338409,84.40754718,203.6433924
'09-Sep-2014 10:00:00',-14.89096756,86.8528302,204.9230708
'09-Sep-2014 11:00:00',-16.2287394,89.29811322,215.0033131
'09-Sep-2014 12:00:00',-11.58587317,91.74339624,216.9742479
'09-Sep-2014 13:00:00',-7.842503694,94.18867925,221.5945901
'09-Sep-2014 14:00:00',-6.086412919,96.63396227,235.621448
'09-Sep-2014 15:00:00',-4.810306652,99.07924529,239.9043441
'09-Sep-2014 16:00:00',-4.230426624,101.5245283,230.3532651
'09-Sep-2014 17:00:00',-3.857709006,103.9698113,229.8487603
'09-Sep-2014 18:00:00',-4.594557253,106.4150943,230.8170586
'09-Sep-2014 19:00:00',-10.31698505,108.8603774,230.8825648
'09-Sep-2014 20:00:00',-10.35426581,110.669392,230.805803
'09-Sep-2014 21:00:00',-8.997879352,109.9333333,230.7852536
'09-Sep-2014 22:00:00',-8.375166792,108.9851852,229.3097016
'09-Sep-2014 23:00:00',-6.663607543,108.037037,227.0729162
'10-Sep-2014 00:00:00',-5.170231558,107.0888889,221.4051436
'10-Sep-2014 01:00:00',-4.549001086,106.1407407,227.845059
'10-Sep-2014 02:00:00',-4.002353562,105.1925926,231.3669726
'10-Sep-2014 03:00:00',-3.718883425,104.2444444,228.8130102
'10-Sep-2014 04:00:00',-3.518023624,103.2962963,225.0918177
'10-Sep-2014 05:00:00',-3.266480612,102.3481482,220.5747593
'10-Sep-2014 06:00:00',-3.266902961,101.4,219.9027237
'10-Sep-2014 07:00:00',-3.326853513,100.4518519,219.6647696
'10-Sep-2014 08:00:00',-3.596105714,99.50370371,219.696813
'10-Sep-2014 09:00:00',-4.633806527,98.55555556,220.0548994
'10-Sep-2014 10:00:00',-14.70477304,116.3181619,232.4368004
'10-Sep-2014 11:00:00',-100.4062712,235.2900058,435.2281855
'10-Sep-2014 12:00:00',-141.7308475,695.25,1043.83715
'10-Sep-2014 13:00:00',-109.3935134,1133.470096,1179.960027
'10-Sep-2014 14:00:00',-59.38286172,1308.75,1002.59679
'10-Sep-2014 15:00:00',44.8297881,1300.625,914.6619446
'10-Sep-2014 16:00:00',234.4438206,1264.375,730.7496181
'10-Sep-2014 17:00:00',249.5892617,1156,655.7321893
'10-Sep-2014 18:00:00',217.6129953,1024,622.9779478
'10-Sep-2014 19:00:00',170.7632045,950.4999999,589.073367
'10-Sep-2014 20:00:00',125.0525052,891.125,569.9437707
'10-Sep-2014 21:00:00',119.7371952,874.25,610.0812365
'10-Sep-2014 22:00:00',150.6629632,947.75,627.7940645
'10-Sep-2014 23:00:00',161.5864958,925.875,615.2736921
'11-Sep-2014 00:00:00',168.3240702,918.875,590.4245247
'11-Sep-2014 01:00:00',168.4424862,921.5,567.6968411
'11-Sep-2014 02:00:00',162.5073271,874.7474958,550.5232027
'11-Sep-2014 03:00:00',151.128981,823.7400778,536.7402925
'11-Sep-2014 04:00:00',128.5578747,768.5,490.0536361
'11-Sep-2014 05:00:00',104.5049385,726.25,468.7408692
'11-Sep-2014 06:00:00',87.7517145,676.5,452.8622733
'11-Sep-2014 07:00:00',73.66486601,641.5,436.5269446
'11-Sep-2014 08:00:00',60.31770928,604.5,423.583164
'11-Sep-2014 09:00:00',51.68200006,588.9583333,411.4534774
'11-Sep-2014 10:00:00',45.45017873,562.4166667,401.0148912
'11-Sep-2014 11:00:00',42.21600099,537.5,393.3027736
'11-Sep-2014 12:00:00',37.54284295,516.7088606,385.2612719
'11-Sep-2014 13:00:00',32.05673894,493.1933508,378.8561096
'11-Sep-2014 14:00:00',26.90757817,468.4208552,374.2620981
'11-Sep-2014 15:00:00',25.58979183,444.1147787,367.5466426
'11-Sep-2014 16:00:00',24.32079656,425.2037037,361.1247892
'11-Sep-2014 17:00:00',23.00286592,405.8518519,354.0883264
'11-Sep-2014 18:00:00',20.8867979,393.1111111,347.6325755
'11-Sep-2014 19:00:00',19.41462943,380.3703704,347.2803346
'11-Sep-2014 20:00:00',17.32074404,368.7368421,344.1327963
'11-Sep-2014 21:00:00',15.81763856,358.2105263,341.931378
'11-Sep-2014 22:00:00',13.39105384,350.4828947,337.1055578
'11-Sep-2014 23:00:00',4.885855136,353.95,334.538821
'12-Sep-2014 00:00:00',-3.633887357,358.35,336.0845157
'12-Sep-2014 01:00:00',-14.55214417,415.625,408.4399781
'12-Sep-2014 02:00:00',-7.15442643,538.4444442,485.8460049
'12-Sep-2014 03:00:00',8.234661232,690.9956588,483.2633826
'12-Sep-2014 04:00:00',27.67707247,775.5,468.4497682
'12-Sep-2014 05:00:00',63.97392188,772.875,454.179489
'12-Sep-2014 06:00:00',97.23641154,767.25,441.1320499
'12-Sep-2014 07:00:00',101.1548385,718.7403846,427.4867715
'12-Sep-2014 08:00:00',96.07934479,676.7884616,419.1362606
'12-Sep-2014 09:00:00',92.00572618,657.1634615,410.6376285
'12-Sep-2014 10:00:00',90.90662262,638.75,403.0952936
'12-Sep-2014 11:00:00',90.04394738,620,397.4619143
'12-Sep-2014 12:00:00',89.37589129,610,392.5018584
'12-Sep-2014 13:00:00',85.05396254,610,386.984653
'12-Sep-2014 14:00:00',81.85884291,605.25,383.1387758
'12-Sep-2014 15:00:00',81.7121849,591,381.0241562
'12-Sep-2014 16:00:00',84.12986736,585.25,385.0789991
'12-Sep-2014 17:00:00',99.73428451,610.9285715,408.179865
'12-Sep-2014 18:00:00',135.4963578,824.737419,462.5600971
'12-Sep-2014 19:00:00',242.4467303,1166.5,538.1015679
'12-Sep-2014 20:00:00',400.7561171,1433.86652,560.3608762
'12-Sep-2014 21:00:00',598.0589357,1663,582.6837509
'12-Sep-2014 22:00:00',778.654962,1898.5,606.5046343
'12-Sep-2014 23:00:00',1008.40536,2270,650.105824
'13-Sep-2014 00:00:00',1229.434742,2540.75,684.1943675
'13-Sep-2014 01:00:00',1316.562155,2458.75,675.2990211
'13-Sep-2014 02:00:00',1304.587003,2286.502143,651.1128486
'13-Sep-2014 03:00:00',1219.772174,2055.667549,627.8178533
'13-Sep-2014 04:00:00',1132.529439,1829.914122,611.9423125
'13-Sep-2014 05:00:00',1050.398959,1620,591.9540444
'13-Sep-2014 06:00:00',972.6050428,1414.75,575.9224549
'13-Sep-2014 07:00:00',887.0463859,1246.071974,560.3035835
'13-Sep-2014 08:00:00',841.9599505,1160.416667,548.9905231
'13-Sep-2014 09:00:00',776.7137381,1094,539.5770885
'13-Sep-2014 10:00:00',720.6285023,1039.125,532.9068198
'13-Sep-2014 11:00:00',684.3309339,1035,513.6172562
'13-Sep-2014 12:00:00',684.5435097,1021.875,491.1727384
'13-Sep-2014 13:00:00',651.64272,1014.375,488.3664885
'13-Sep-2014 14:00:00',654.8812575,1035.125,483.1183102
'13-Sep-2014 15:00:00',643.052989,1005.25,477.9480281
'13-Sep-2014 16:00:00',620.6285272,985.25,468.3482216
'13-Sep-2014 17:00:00',579.5823571,955.25,458.0618871
'13-Sep-2014 18:00:00',565.5541036,918.6250001,446.0738235
'13-Sep-2014 19:00:00',515.9503482,857.0000001,433.9990826
'13-Sep-2014 20:00:00',487.6488684,809.125,423.9231295
'13-Sep-2014 21:00:00',439.8584734,766.5,414.1842055
'13-Sep-2014 22:00:00',410.6136713,730.5,406.0205144
'13-Sep-2014 23:00:00',382.0974255,699.375,399.3050144
'14-Sep-2014 00:00:00',352.2940118,669.4545455,393.5263912
'14-Sep-2014 01:00:00',324.4244289,642.6875,387.9084097
'14-Sep-2014 02:00:00',291.8176546,619.5,382.6057392
'14-Sep-2014 03:00:00',262.412041,608.2894737,377.4409133
'14-Sep-2014 04:00:00',233.3651354,599.3157895,372.9304865
'14-Sep-2014 05:00:00',214.2909324,573,368.8801458
'14-Sep-2014 06:00:00',193.9323217,561.4114439,364.8459043
'14-Sep-2014 07:00:00',177.6771588,549.75,360.7984893
'14-Sep-2014 08:00:00',160.6789472,537.375,358.1898403
'14-Sep-2014 09:00:00',144.0872944,524.25,353.980967
'14-Sep-2014 10:00:00',131.9249222,510,349.1337912
'14-Sep-2014 11:00:00',116.6798188,500,346.9105553
'14-Sep-2014 12:00:00',110.2144005,492,343.36964
'14-Sep-2014 13:00:00',98.4916518,473.9393939,340.3079342
'14-Sep-2014 14:00:00',88.04760075,464.2424242,337.0970886
'14-Sep-2014 15:00:00',78.96233921,454.5454545,334.8975092
'14-Sep-2014 16:00:00',70.02964642,444.8484848,330.9166496
'14-Sep-2014 17:00:00',60.97672492,435.1515151,325.9882983
'14-Sep-2014 18:00:00',55.35182773,425.4545455,321.149421
'14-Sep-2014 19:00:00',50.78048092,415.7575758,315.9709188
'14-Sep-2014 20:00:00',46.97161895,406.0606061,312.4512487
'14-Sep-2014 21:00:00',44.55041294,394.625,309.5053755
'14-Sep-2014 22:00:00',41.3013816,380.2916667,308.6399444
'14-Sep-2014 23:00:00',39.06680143,365.9583333,307.1730048
'15-Sep-2014 00:00:00',36.98166297,353.7,303.996453
'15-Sep-2014 01:00:00',34.31106126,344.9,301.5116438
'15-Sep-2014 02:00:00',31.84375529,336.1,298.8308773
'15-Sep-2014 03:00:00',30.00635032,327.3,299.114013
'15-Sep-2014 04:00:00',28.42037296,318.5,299.3707905
'15-Sep-2014 05:00:00',26.3195734,309.7,297.335878
'15-Sep-2014 06:00:00',24.20408504,301.5,294.5352602
'15-Sep-2014 07:00:00',22.89724497,295.7,291.8128777
'15-Sep-2014 08:00:00',20.86534295,290.1,290.9315499
'15-Sep-2014 09:00:00',19.57881095,284.5853659,289.1262655
'15-Sep-2014 10:00:00',17.78921798,279.1219512,285.9944162
'15-Sep-2014 11:00:00',16.32961609,273.6585366,289.7713895
'15-Sep-2014 12:00:00',14.70711686,268.195122,289.3433955
'15-Sep-2014 13:00:00',13.30135127,262.7317073,286.4102028
'15-Sep-2014 14:00:00',12.13298694,257.2682927,283.0733494
'15-Sep-2014 15:00:00',10.5570709,251.804878,280.4770769
'15-Sep-2014 16:00:00',9.52832588,246.3414634,278.3295028
'15-Sep-2014 17:00:00',7.97349878,240.8780488,276.0961908
'15-Sep-2014 18:00:00',6.165787607,235.4146341,272.6903397
'15-Sep-2014 19:00:00',4.284675355,230.7974138,270.2939685
'15-Sep-2014 20:00:00',2.655626314,227.5905172,266.2412126
'15-Sep-2014 21:00:00',0.44588673,224.3836207,270.7112978
'15-Sep-2014 22:00:00',-1.052231931,221.1767241,268.0442817
'15-Sep-2014 23:00:00',-2.282109013,217.9698276,263.6408293
'16-Sep-2014 00:00:00',-2.897810246,214.762931,258.3924758
'16-Sep-2014 01:00:00',-2.919469663,211.5560345,264.6754329
'16-Sep-2014 02:00:00',-2.92358181,208.3491379,264.1262919
'16-Sep-2014 03:00:00',-2.764717127,205.1422414,260.0644136
'16-Sep-2014 04:00:00',-2.713226705,201.9353448,255.3139638
'16-Sep-2014 05:00:00',-2.661361025,198.7284483,250.8969543
'16-Sep-2014 06:00:00',-2.613042704,195.5215517,243.4457441
'16-Sep-2014 07:00:00',-2.468838255,192.3146552,243.4755731
'16-Sep-2014 08:00:00',-2.424023629,189.1077586,238.9411151
'16-Sep-2014 09:00:00',-2.289392123,185.9008621,241.7811334
'16-Sep-2014 10:00:00',-2.288782145,182.6939655,239.5054001
'16-Sep-2014 11:00:00',-2.289204495,179.487069,235.4514767
'16-Sep-2014 12:00:00',-2.24786418,176.2801724,236.1780631
'16-Sep-2014 13:00:00',-2.164845017,173.0732759,248.6631628
'16-Sep-2014 14:00:00',-2.123239614,169.8663793,247.6332931
'16-Sep-2014 15:00:00',-2.045599446,166.6594828,246.5692968
'16-Sep-2014 16:00:00',-1.967959278,163.4525862,244.2735576
'16-Sep-2014 17:00:00',-1.78968301,160.2456897,240.3880235
'16-Sep-2014 18:00:00',-1.721595418,157.0387931,232.0181777
'16-Sep-2014 19:00:00',-1.929256971,153.8318965,229.1063965
'16-Sep-2014 20:00:00',-2.12065281,150.625,224.1172299
'16-Sep-2014 21:00:00',-2.118481038,147.4181034,226.9397924
'16-Sep-2014 22:00:00',-2.159472686,144.2112069,242.4310959
'16-Sep-2014 23:00:00',-2.4667736,141.0043103,245.8328962
'17-Sep-2014 00:00:00',-2.562311061,138.4784408,245.6111744
'17-Sep-2014 01:00:00',-2.289890227,137.0876164,244.5729272
'17-Sep-2014 02:00:00',-2.006173216,135.696792,242.2501102
'17-Sep-2014 03:00:00',-1.821332814,134.3059676,240.6641872
'17-Sep-2014 04:00:00',-1.72098544,132.9151432,239.0550074
'17-Sep-2014 05:00:00',-1.62535371,131.5243187,235.9291928
'17-Sep-2014 06:00:00',-1.533435707,130.1334943,232.7674381
'17-Sep-2014 07:00:00',-1.505248924,128.7426699,230.0470539
'17-Sep-2014 08:00:00',-1.447561216,127.3518455,228.4553752
'17-Sep-2014 09:00:00',-1.392384916,125.961021,225.9877604
'17-Sep-2014 10:00:00',-1.446763609,124.5701966,222.7733941
'17-Sep-2014 11:00:00',-1.339273272,123.1793722,221.8296487
'17-Sep-2014 12:00:00',-1.195920123,121.7885478,221.053029
'17-Sep-2014 13:00:00',-1.290008318,120.3977234,240.1128793
'17-Sep-2014 14:00:00',-1.110024634,119.0068989,241.9551311
'17-Sep-2014 15:00:00',-1.040307875,117.6160745,240.742189
'17-Sep-2014 16:00:00',-0.907024328,116.2252501,231.4360882
'17-Sep-2014 17:00:00',-0.837867528,114.8344257,240.6879486
'17-Sep-2014 18:00:00',-0.802348259,113.4436012,234.8250503
'17-Sep-2014 19:00:00',-0.767084339,112.0527768,235.0432886
'17-Sep-2014 20:00:00',-0.768252237,273.7808511,229.1695643
'17-Sep-2014 21:00:00',-0.919531795,822.0872092,247.7261431
'17-Sep-2014 22:00:00',-1.015489962,881.75,273.2778363
'17-Sep-2014 23:00:00',-1.054884712,759.25,280.4933598
'18-Sep-2014 00:00:00',-1.31729555,641.8055977,285.6325447
'18-Sep-2014 01:00:00',-1.623362738,548.1931722,288.4796696
'18-Sep-2014 02:00:00',-1.6538709,474.9163954,291.8646332
'18-Sep-2014 03:00:00',-1.394061034,420.7899713,292.8359298
'18-Sep-2014 04:00:00',-1.147556504,379.5956739,294.7851155
'18-Sep-2014 05:00:00',-0.939592807,345.6765853,295.3235429
'18-Sep-2014 06:00:00',-0.802003132,323.6466314,295.0733657
'18-Sep-2014 07:00:00',-0.696848748,302.9597094,294.1505156
'18-Sep-2014 08:00:00',-0.617342658,282.2727873,293.0184018
'18-Sep-2014 09:00:00',-0.524589011,262.2895122,292.6122171
'18-Sep-2014 10:00:00',-0.483308813,250.75,291.9639223
'18-Sep-2014 11:00:00',-0.445108767,241.3214286,290.9258588
'18-Sep-2014 12:00:00',-0.411032486,231.8928571,288.4548739
'18-Sep-2014 13:00:00',-0.395654473,222.4642857,287.6004558
'18-Sep-2014 14:00:00',-0.36400729,213.0357143,284.6018138
'18-Sep-2014 15:00:00',-0.334513706,203.6071429,281.5113078
'18-Sep-2014 16:00:00',-0.288532732,194.1785714,282.0983441
'18-Sep-2014 17:00:00',-0.248611371,184.75,282.0777654
'18-Sep-2014 18:00:00',-0.114714703,175.3214286,281.1233828
'18-Sep-2014 19:00:00',0.002586804,165.8928571,280.1104169
'18-Sep-2014 20:00:00',0.002586804,158.7192308,279.8869164
'18-Sep-2014 21:00:00',0.002586804,155.3038462,276.7941773
'18-Sep-2014 22:00:00',0.002586804,151.8884615,276.9680491
'18-Sep-2014 23:00:00',0.004758576,148.4730769,276.1417964
'19-Sep-2014 00:00:00',0.002586804,145.0576923,274.9003584
'19-Sep-2014 01:00:00',0.002586804,141.6423077,271.9666169
'19-Sep-2014 02:00:00',0.002164455,138.2269231,272.262613
'19-Sep-2014 03:00:00',0.002164455,134.8115385,270.9702988
'19-Sep-2014 04:00:00',0.002164455,131.3961538,263.7609276
'19-Sep-2014 05:00:00',0.002586804,127.9807692,258.8141925
'19-Sep-2014 06:00:00',0.002164455,124.5653846,255.6223624
'19-Sep-2014 07:00:00',0.002586804,121.15,253.2646804
'19-Sep-2014 08:00:00',0.001319756,117.7346154,250.7426911
'19-Sep-2014 09:00:00',0.001742106,114.3192308,248.9326143
'19-Sep-2014 10:00:00',0.002586804,110.9038462,247.8996783
'19-Sep-2014 11:00:00',0.002164455,107.4884615,246.8200661
'19-Sep-2014 12:00:00',0.000709778,104.0730769,244.4541694
'19-Sep-2014 13:00:00',0,100.6576923,243.6645639
'19-Sep-2014 14:00:00',0,97.24230769,241.9870415
'19-Sep-2014 15:00:00',0,93.98076923,239.1244253
'19-Sep-2014 16:00:00',0.000709778,92.56538461,236.5857349
'19-Sep-2014 17:00:00',0.001742106,91.61153846,232.2886643
'19-Sep-2014 18:00:00',0.001319756,90.6576923,230.8752835
'19-Sep-2014 19:00:00',0.002164455,89.70384615,229.1457979
'19-Sep-2014 20:00:00',0.002586804,88.75,226.7642717
'19-Sep-2014 21:00:00',0.003310728,87.79615384,222.8745203
'19-Sep-2014 22:00:00',0.004034652,86.84230769,219.1794734
'19-Sep-2014 23:00:00',0.002586804,85.88846153,216.619294
'20-Sep-2014 00:00:00',0.003310728,84.93461538,218.708468
'20-Sep-2014 01:00:00',0.002586804,83.98076923,218.115697
'20-Sep-2014 02:00:00',0.002888379,83.02692307,216.909822
'20-Sep-2014 03:00:00',0.002586804,82.07307692,214.4737943
'20-Sep-2014 04:00:00',0.003310728,81.11923076,217.7959295
'20-Sep-2014 05:00:00',0.002586804,80.16538461,221.6070064
'20-Sep-2014 06:00:00',0.002586804,79.21153846,222.7382985
'20-Sep-2014 07:00:00',0.002586804,78.2576923,222.1166525
'20-Sep-2014 08:00:00',0.001742106,77.30384615,221.627387
'20-Sep-2014 09:00:00',0.002164455,76.34999999,220.8775317
'20-Sep-2014 10:00:00',0.001319756,75.39615384,217.9121459
'20-Sep-2014 11:00:00',0.001319756,74.44230769,217.058109
'20-Sep-2014 12:00:00',0.000897407,73.48846153,214.9504426
'20-Sep-2014 13:00:00',0.002164455,72.53461538,213.8715258
'20-Sep-2014 14:00:00',0.001554477,71.58076923,245.6782453
'20-Sep-2014 15:00:00',0.00052215,70.62692307,248.4214689
'20-Sep-2014 16:00:00',0.000261075,69.67307692,247.8740482
'20-Sep-2014 17:00:00',0.000334521,68.71923076,248.2443121
'20-Sep-2014 18:00:00',0.001742106,67.76538461,247.8385399
'20-Sep-2014 19:00:00',0.002586804,66.81153846,246.6178376
'20-Sep-2014 20:00:00',0.003310728,65.8576923,244.8281146
'20-Sep-2014 21:00:00',0.002586804,64.90384615,246.0555515
'20-Sep-2014 22:00:00',0.002586804,63.95,243.4741602
'20-Sep-2014 23:00:00',0.002586804,62.99615384,245.3464184
'21-Sep-2014 00:00:00',0.002586804,62.04230769,244.7204592
'21-Sep-2014 01:00:00',0.002164455,61.08846153,243.4828678
'21-Sep-2014 02:00:00',0.002586804,60.13461538,237.785762
'21-Sep-2014 03:00:00',0.002164455,59.18076923,241.8815168
'21-Sep-2014 04:00:00',0.002586804,58.22692307,243.61806
'21-Sep-2014 05:00:00',0.002164455,57.27307692,243.2722212
'21-Sep-2014 06:00:00',0.001319756,56.31923076,243.0319934
'21-Sep-2014 07:00:00',0.000897407,55.36538461,241.9407856
'21-Sep-2014 08:00:00',0.000897407,54.41153846,241.8707294
'21-Sep-2014 09:00:00',0.000897407,53.4576923,241.7722653
'21-Sep-2014 10:00:00',0.000897407,52.50384615,243.2722212
'21-Sep-2014 11:00:00',0.000897407,51.54999999,243.447975
'21-Sep-2014 12:00:00',0.000709778,50.59615384,243.2721995
'21-Sep-2014 13:00:00',0.00052215,49.64230769,243.2041764
'21-Sep-2014 14:00:00',0.000485427,48.68846153,241.3608356
'21-Sep-2014 15:00:00',0,47.73461538,242.657698
'21-Sep-2014 16:00:00',0.001330125,47.20649038,242.3153866
'21-Sep-2014 17:00:00',0.003310728,48.38125,244.3623425
'21-Sep-2014 18:00:00',0.004034652,49.69791666,246.3775485
'21-Sep-2014 19:00:00',0.003310728,51.01458333,247.8084973
'21-Sep-2014 20:00:00',0.003310728,52.33125,262.5922697
'21-Sep-2014 21:00:00',-1.078857443,53.64791666,283.0892559
'21-Sep-2014 22:00:00',-5.973705974,83.60874649,428.1074961
'21-Sep-2014 23:00:00',-99.73895957,2098.089041,693.7775733
'22-Sep-2014 00:00:00',132.8284341,4571.193662,828.8456708
'22-Sep-2014 01:00:00',1288.409988,5304.875,1160.632409
'22-Sep-2014 02:00:00',1968.037538,5195.190889,1358.382063
'22-Sep-2014 03:00:00',2204.82995,4908.083333,1277.413729
'22-Sep-2014 04:00:00',2353.162283,4583.875,1123.472051
'22-Sep-2014 05:00:00',2307.014241,3904.125,901.9833773
'22-Sep-2014 06:00:00',2299.636406,3375.5,778.049073
'22-Sep-2014 07:00:00',2187.576404,3737.75,664.7198359
'22-Sep-2014 08:00:00',2035.637907,4183.75,721.9495017
'22-Sep-2014 09:00:00',2199.29176,4255.5,729.8487082
'22-Sep-2014 10:00:00',2172.097364,4275.089041,670.0855415
'22-Sep-2014 11:00:00',2334.046572,3997.625,633.7311355
'22-Sep-2014 12:00:00',2358.556129,3472.515283,593.6677939
'22-Sep-2014 13:00:00',2273.901379,3117,543.4826964
'22-Sep-2014 14:00:00',2088.05236,2764.875,507.0755968
'22-Sep-2014 15:00:00',1978.562576,2518.25,480.4446822
'22-Sep-2014 16:00:00',1958.005964,2172.25,455.3422221
'22-Sep-2014 17:00:00',1779.378144,1892.994232,431.6796713
'22-Sep-2014 18:00:00',1696.34762,1703.5,417.2442921
'22-Sep-2014 19:00:00',1516.929225,1566.805556,404.3272944
'22-Sep-2014 20:00:00',1480.286436,1465.083333,396.2587149
'22-Sep-2014 21:00:00',1358.659114,1382.5,394.8682825
'22-Sep-2014 22:00:00',1344.494018,1346.75,395.330756
'22-Sep-2014 23:00:00',1246.595632,1295.3125,393.425543
'23-Sep-2014 00:00:00',1170.323916,1213.1875,388.4370402
'23-Sep-2014 01:00:00',1180.451718,1128.74359,382.6687793
'23-Sep-2014 02:00:00',1117.688808,1081.333333,376.221581
'23-Sep-2014 03:00:00',1033.908653,1006.625,370.5779637
'23-Sep-2014 04:00:00',990.6019594,940.8333333,361.4404697
'23-Sep-2014 05:00:00',936.7899534,872.9166667,359.5651447
'23-Sep-2014 06:00:00',849.3977678,821.5,354.4014694
'23-Sep-2014 07:00:00',812.296935,795.25,350.4286152
'23-Sep-2014 08:00:00',755.0776312,751.625,346.5774152
'23-Sep-2014 09:00:00',682.5211817,728.3826087,343.154721
'23-Sep-2014 10:00:00',635.6525633,682.625,339.0634388
'23-Sep-2014 11:00:00',606.7981316,665.25,335.7080935
'23-Sep-2014 12:00:00',587.2086196,646.875,333.547425
'23-Sep-2014 13:00:00',565.2380725,613.3,330.8794409
'23-Sep-2014 14:00:00',517.4888856,598.7,349.7173473
'23-Sep-2014 15:00:00',487.456624,591.5,363.2256865
'23-Sep-2014 16:00:00',473.7128119,578.6388889,357.7884384
'23-Sep-2014 17:00:00',460.8526588,566.4444445,350.4779606
'23-Sep-2014 18:00:00',427.8952015,548.6666667,346.896585
'23-Sep-2014 19:00:00',389.0623022,542.25,342.0067669
'23-Sep-2014 20:00:00',367.1688871,519.5,336.3282995
'23-Sep-2014 21:00:00',337.8054823,509.5,330.9352723
'23-Sep-2014 22:00:00',315.6282528,505,325.3859581
'23-Sep-2014 23:00:00',283.4733458,487.317998,317.2068032
'24-Sep-2014 00:00:00',261.5973286,481.4519717,309.871042
'24-Sep-2014 01:00:00',228.1219353,469.1299525,300.3332402
'24-Sep-2014 02:00:00',207.9101045,457.2301587,288.7706338
'24-Sep-2014 03:00:00',185.4442537,451.1984127,275.7820417
'24-Sep-2014 04:00:00',161.8861851,445.1666667,269.4862589
'24-Sep-2014 05:00:00',141.9452592,439.8315217,268.6896664
'24-Sep-2014 06:00:00',126.3930424,435.2663044,268.8608041
'24-Sep-2014 07:00:00',103.2425222,430.701087,266.889435
'24-Sep-2014 08:00:00',85.3173739,426.1358696,261.5008603
'24-Sep-2014 09:00:00',70.85394348,419.5226449,262.8621364
'24-Sep-2014 10:00:00',59.06413949,404.4222222,262.3878532
'24-Sep-2014 11:00:00',49.46290078,399.2666667,263.2935659
'24-Sep-2014 12:00:00',37.75711271,394.1111111,263.1884609
'24-Sep-2014 13:00:00',29.60376461,388.9555556,262.0638282
'24-Sep-2014 14:00:00',21.13607408,383.8,263.1289636
'24-Sep-2014 15:00:00',12.10962209,381.2166667,261.2920422
'24-Sep-2014 16:00:00',2.205503983,382.25,258.3538089
'24-Sep-2014 17:00:00',-2.7227594,374.65,258.2048656
'24-Sep-2014 18:00:00',-2.305110341,367.05,256.25932
'24-Sep-2014 19:00:00',1.80738296,359.45,249.4779531
'24-Sep-2014 20:00:00',3.640861572,351.85,250.2082438
'24-Sep-2014 21:00:00',5.822258195,346.7777778,250.1973256
'24-Sep-2014 22:00:00',4.019926417,343.2222222,250.9486765
'24-Sep-2014 23:00:00',8.407294298,338.9449076,252.064983
'25-Sep-2014 00:00:00',8.499004045,333.4646611,251.9746
'25-Sep-2014 01:00:00',2.596362547,327.9844146,251.7034896
'25-Sep-2014 02:00:00',-3.536309874,322.5041682,249.7370151
'25-Sep-2014 03:00:00',-16.85551588,402.5914357,249.6699187
'25-Sep-2014 04:00:00',-23.2096276,1677.854546,547.855657
'25-Sep-2014 05:00:00',57.78022289,2645.400685,746.9828568
'25-Sep-2014 06:00:00',557.2899847,2631.25,777.513721
'25-Sep-2014 07:00:00',734.8254441,2244.19473,695.0923062
'25-Sep-2014 08:00:00',714.589232,1834.625,615.8916582
'25-Sep-2014 09:00:00',675.2180903,1579.693069,586.5779287
'25-Sep-2014 10:00:00',621.5733139,1335.272277,561.3882634
'25-Sep-2014 11:00:00',553.9571279,1152.25,541.3670345
'25-Sep-2014 12:00:00',481.9332057,1060.5,513.2376916
'25-Sep-2014 13:00:00',443.853488,1007.5,482.78364
'25-Sep-2014 14:00:00',411.5039645,944.1025449,465.5125739
'25-Sep-2014 15:00:00',396.5975487,875.1796116,455.2876121
'25-Sep-2014 16:00:00',338.9673923,837.625,441.1253289
'25-Sep-2014 17:00:00',309.1813431,812.75,430.4905027
'25-Sep-2014 18:00:00',274.5119213,761.7857143,418.826378
'25-Sep-2014 19:00:00',241.4999585,733.7142857,407.8812189
'25-Sep-2014 20:00:00',209.4271739,691.75,399.9708695
'25-Sep-2014 21:00:00',186.5185435,675.875,392.2789166
'25-Sep-2014 22:00:00',161.3882462,642.5,386.0357668
'25-Sep-2014 23:00:00',138.5767645,616.6666667,379.1131554
'26-Sep-2014 00:00:00',122.6511667,599.0833333,373.4290979
'26-Sep-2014 01:00:00',100.7765302,594.5,366.737686
'26-Sep-2014 02:00:00',83.00818461,580.2690678,362.1598537
'26-Sep-2014 03:00:00',76.82307255,553.8845339,357.3639688
'26-Sep-2014 04:00:00',75.24301739,550,353.3575517
'26-Sep-2014 05:00:00',71.52941208,529.1964286,349.6535699
'26-Sep-2014 06:00:00',69.05780214,514,346.0856545
'26-Sep-2014 07:00:00',64.53442102,500.9285714,340.6293338
'26-Sep-2014 08:00:00',58.42866242,497.2142857,333.5114744
'26-Sep-2014 09:00:00',53.3288791,482,329.4501722
'26-Sep-2014 10:00:00',45.6489969,469.952381,325.3044077
'26-Sep-2014 11:00:00',42.03133975,457.3333334,319.71791
'26-Sep-2014 12:00:00',39.74791279,436,312.9840693
'26-Sep-2014 13:00:00',37.45289464,421.0152343,305.5119953
'26-Sep-2014 14:00:00',36.39776575,409.8396091,294.3643418
'26-Sep-2014 15:00:00',35.0487991,398.6639839,280.2962768
'26-Sep-2014 16:00:00',33.46164963,387.4883587,271.4979931
'26-Sep-2014 17:00:00',32.08810273,376.4151667,269.8517931
'26-Sep-2014 18:00:00',30.26911876,367.0706394,267.4524823
'26-Sep-2014 19:00:00',29.70808912,358.3330918,265.9319514
'26-Sep-2014 20:00:00',28.55585954,349.5955443,265.6931422
'26-Sep-2014 21:00:00',26.23970519,340.8579967,263.8361499
'26-Sep-2014 22:00:00',24.83219477,332.1204492,262.8335142
'26-Sep-2014 23:00:00',22.99270037,323.3829017,262.7743011
'27-Sep-2014 00:00:00',21.3375673,314.6453541,257.9189205
'27-Sep-2014 01:00:00',20.19579929,306.3853824,264.4946354
'27-Sep-2014 02:00:00',18.52155338,300.0357143,266.1756931
'27-Sep-2014 03:00:00',17.37195593,293.8452381,266.802955
'27-Sep-2014 04:00:00',16.16052017,287.6547619,264.0778171
'27-Sep-2014 05:00:00',14.85756897,281.4642857,261.5896879
'27-Sep-2014 06:00:00',13.66259399,275.2738095,262.8993967
'27-Sep-2014 07:00:00',12.22534453,269.0833333,258.9590856
'27-Sep-2014 08:00:00',10.71119009,262.8928571,254.98491
'27-Sep-2014 09:00:00',9.481932754,256.702381,253.0544956
'27-Sep-2014 10:00:00',8.55406886,250.5119048,252.8855746
'27-Sep-2014 11:00:00',7.108948668,244.3214286,251.6733576
'27-Sep-2014 12:00:00',5.442824857,239.8518519,246.3539871
'27-Sep-2014 13:00:00',3.865907263,236.4148148,251.9851195
'27-Sep-2014 14:00:00',2.337694348,232.9777778,257.3164516
'27-Sep-2014 15:00:00',0.654503777,229.5407407,256.026329
'27-Sep-2014 16:00:00',-0.93276649,226.1037037,253.120205
'27-Sep-2014 17:00:00',-1.981196688,222.6666667,248.1521561
'27-Sep-2014 18:00:00',-2.682331163,219.2296296,245.85585
'27-Sep-2014 19:00:00',-2.805986662,215.7925926,241.7503199
'27-Sep-2014 20:00:00',-2.712914525,212.3555556,239.8166048
'27-Sep-2014 21:00:00',-2.612855076,208.9185185,241.0129704
'27-Sep-2014 22:00:00',-2.468650626,205.4814815,241.116015
'27-Sep-2014 23:00:00',-2.468650626,202.0444444,239.4824394
'28-Sep-2014 00:00:00',-2.379021375,198.6074074,236.9282006
'28-Sep-2014 01:00:00',-2.20596098,195.1703704,237.169679
'28-Sep-2014 02:00:00',-2.20596098,191.7333333,236.0638145
'28-Sep-2014 03:00:00',-2.122717465,188.2962963,237.3857199
'28-Sep-2014 04:00:00',-2.045077296,184.8592593,231.1739312
'28-Sep-2014 05:00:00',-1.967624757,181.4222222,230.0062868
'28-Sep-2014 06:00:00',-2.084272638,177.9851852,231.5641243
'28-Sep-2014 07:00:00',-1.859465879,174.5481481,230.3201255
'28-Sep-2014 08:00:00',-1.967812385,171.1111111,228.7989655
'28-Sep-2014 09:00:00',-1.967812385,167.6740741,227.9559077
'28-Sep-2014 10:00:00',-1.78957284,164.237037,226.331832
'28-Sep-2014 11:00:00',-1.722017767,160.8,226.2390003
'28-Sep-2014 12:00:00',-1.722017767,157.362963,227.3493344
'28-Sep-2014 13:00:00',-1.688876563,153.9259259,227.3715463
'28-Sep-2014 14:00:00',-1.595441381,150.4888889,226.062273
'28-Sep-2014 15:00:00',-1.626673466,147.0518519,225.7766802
'28-Sep-2014 16:00:00',-1.506109607,143.6148148,226.5059662
'28-Sep-2014 17:00:00',-1.476019443,140.1777778,218.8347637
'28-Sep-2014 18:00:00',-1.390816294,136.7407407,228.4455097
'28-Sep-2014 19:00:00',-1.286010389,133.3037037,224.9988121
'28-Sep-2014 20:00:00',-1.189331461,129.8666667,223.1549793
'28-Sep-2014 21:00:00',-1.100279289,126.5561203,221.23997
'28-Sep-2014 22:00:00',-0.997602397,124.7634615,221.9035921
'28-Sep-2014 23:00:00',-0.903090402,123.3502747,221.8688276
'29-Sep-2014 00:00:00',-0.868558316,121.9370879,221.2643222
'29-Sep-2014 01:00:00',-0.802003132,120.5239011,220.8665305
'29-Sep-2014 02:00:00',-0.755136384,119.1107143,220.5858165
'29-Sep-2014 03:00:00',-0.710605434,117.6975275,220.5791245
'29-Sep-2014 04:00:00',-0.656001041,116.2843407,220.6308139
'29-Sep-2014 05:00:00',-0.65684574,114.8711538,220.5943086
'29-Sep-2014 06:00:00',-0.605442012,113.457967,220.5619128
'29-Sep-2014 07:00:00',-0.570028082,112.0447802,219.086709
'29-Sep-2014 08:00:00',-0.582677424,110.6315934,216.9068672
'29-Sep-2014 09:00:00',-0.515348498,109.2184066,216.6870973
'29-Sep-2014 10:00:00',-0.515348498,107.8052198,217.1588799
'29-Sep-2014 11:00:00',-0.475214767,106.392033,216.7354784
'29-Sep-2014 12:00:00',-0.447500201,104.9788462,217.039839
'29-Sep-2014 13:00:00',-0.41232058,103.5656593,216.8977498
'29-Sep-2014 14:00:00',-0.387684148,102.1524725,216.7928095
'29-Sep-2014 15:00:00',-0.364268365,100.7392857,216.0617659
'29-Sep-2014 16:00:00',-0.321543852,99.3260989,215.9678056
'29-Sep-2014 17:00:00',-0.307477785,97.91291209,216.0964915
'29-Sep-2014 18:00:00',-0.275595899,96.49972528,216.1287743
'29-Sep-2014 19:00:00',-0.256669436,95.08653846,213.298904
'29-Sep-2014 20:00:00',-0.235539178,93.67335165,204.8854564
'29-Sep-2014 21:00:00',-0.113990779,92.26016484,209.4579935
'29-Sep-2014 22:00:00',0.003310728,90.84697802,212.2827374
'29-Sep-2014 23:00:00',0.002586804,89.43379121,212.1904065
'30-Sep-2014 00:00:00',0.002586804,88.0206044,211.8642004
'30-Sep-2014 01:00:00',0.002586804,86.60741758,211.4591059
'30-Sep-2014 02:00:00',0.002586804,85.19423077,213.4902478
'30-Sep-2014 03:00:00',0.002586804,83.78104396,212.3792205
'30-Sep-2014 04:00:00',0.001742106,82.36785714,209.5016639
'30-Sep-2014 05:00:00',0.002586804,80.95467033,209.2561475
'30-Sep-2014 06:00:00',0.002164455,79.54148352,209.3545831
'30-Sep-2014 07:00:00',0.002164455,78.1282967,209.8800667
'30-Sep-2014 08:00:00',0.001742106,76.71510989,209.2571918
'30-Sep-2014 09:00:00',0.002586804,75.30192308,209.1978148
'30-Sep-2014 10:00:00',0.002586804,73.88873626,208.9712032
'30-Sep-2014 11:00:00',0.002164455,72.47554945,208.7462461
'30-Sep-2014 12:00:00',0.002164455,71.06236264,208.0879592
'30-Sep-2014 13:00:00',0.001742106,69.64917582,206.1156215
'30-Sep-2014 14:00:00',0.001319756,68.23598901,207.1322871
'30-Sep-2014 15:00:00',0.000897407,66.8228022,210.8755084
'30-Sep-2014 16:00:00',0.002164455,65.40961539,216.1691503
'30-Sep-2014 17:00:00',0.001742106,63.99642857,211.2781549
'30-Sep-2014 18:00:00',0.002164455,62.58324176,207.2355416
'30-Sep-2014 19:00:00',0.002164455,61.69032258,207.268541
'30-Sep-2014 20:00:00',0.002586804,61.66451613,207.4853846
'30-Sep-2014 21:00:00',0.002586804,61.63870968,207.8648775
'30-Sep-2014 22:00:00',0.001742106,61.61290322,207.6254673
'30-Sep-2014 23:00:00',0.002586804,61.58709677,206.9608527
'01-Oct-2014 00:00:00',0.002164455,61.56129032,207.9878747
'01-Oct-2014 01:00:00',0.002586804,61.53548387,207.7991112
'01-Oct-2014 02:00:00',0.002586804,61.50967742,207.7471231
'01-Oct-2014 03:00:00',0.002164455,61.48387097,207.5840112
'01-Oct-2014 04:00:00',0.002164455,61.45806452,207.7799734
'01-Oct-2014 05:00:00',0.002586804,61.43225806,208.0784908
'01-Oct-2014 06:00:00',0.001319756,61.40645161,208.212541
'01-Oct-2014 07:00:00',-0.053578541,61.38064516,208.113962
'01-Oct-2014 08:00:00',-0.327162905,61.35483871,208.337134
'01-Oct-2014 09:00:00',-0.314004614,61.32903226,208.2071836
'01-Oct-2014 10:00:00',-0.177111228,61.30322581,208.5137036
'01-Oct-2014 11:00:00',-0.058971707,61.27741935,208.4631685
'01-Oct-2014 12:00:00',-0.320323088,61.2516129,207.3767789
'01-Oct-2014 13:00:00',-0.384428718,61.22580645,209.6177818
'01-Oct-2014 14:00:00',-1.187898693,61.2,214.5184527
'01-Oct-2014 15:00:00',-1.551786322,61.17419355,211.8364601
'01-Oct-2014 16:00:00',-4.240188432,61.1483871,214.0919265
'01-Oct-2014 17:00:00',-6.298723429,61.12258064,230.7166864
'01-Oct-2014 18:00:00',-5.558048269,63.86827954,308.4905991
'01-Oct-2014 19:00:00',-4.806308723,77.69999994,375.1877127
'01-Oct-2014 20:00:00',-5.195573281,94.52083333,391.0172289
'01-Oct-2014 21:00:00',-5.654472164,136.1250001,430.8886591
'01-Oct-2014 22:00:00',-5.550759593,181.75,425.1228019
'01-Oct-2014 23:00:00',-5.169809209,223.75,410.1941565
'02-Oct-2014 00:00:00',-4.469118501,254.7727273,402.2091685
'02-Oct-2014 01:00:00',-3.928905142,267.5,408.5772051
'02-Oct-2014 02:00:00',-3.581465429,280.2272727,414.5885397
'02-Oct-2014 03:00:00',-3.581465429,292.9545455,416.3431082
'02-Oct-2014 04:00:00',-3.391140016,305.6818182,412.7875754
'02-Oct-2014 05:00:00',-3.032846497,317.3457792,408.1729872
'02-Oct-2014 06:00:00',-2.664110777,316.25,402.2268042
'02-Oct-2014 07:00:00',-2.170052321,311.9642857,393.9734852
'02-Oct-2014 08:00:00',-1.863945541,307.6785714,387.0590583
'02-Oct-2014 09:00:00',-1.626151317,301.5408163,382.0685297
'02-Oct-2014 10:00:00',-1.366016722,292.3163265,374.2223997
'02-Oct-2014 11:00:00',-1.239021998,283.0918367,364.7024135
'02-Oct-2014 12:00:00',-1.058625106,273.8673469,357.6449089
'02-Oct-2014 13:00:00',-1.001300853,264.6428571,352.3603531
'02-Oct-2014 14:00:00',-0.888264271,255.4183673,348.0561604
'02-Oct-2014 15:00:00',-0.804553213,246.1938775,341.0728057
'02-Oct-2014 16:00:00',-0.742394112,236.9693878,334.3228937
'02-Oct-2014 17:00:00',-0.669757726,227.7448979,328.2500557
'02-Oct-2014 18:00:00',-0.616618734,218.5204082,321.2083888
'02-Oct-2014 19:00:00',-0.580264103,209.2959184,318.9377343
'02-Oct-2014 20:00:00',-0.524589011,200.0714286,313.4310622
'02-Oct-2014 21:00:00',-0.483308813,191.6524235,319.0603906
'02-Oct-2014 22:00:00',-0.464253306,186.4553571,315.5056637
'02-Oct-2014 23:00:00',-0.410192848,181.5267857,313.455416
'03-Oct-2014 00:00:00',-0.362526259,176.5982143,309.6765174
'03-Oct-2014 01:00:00',-0.333481379,171.6696429,305.9037721
'03-Oct-2014 02:00:00',-0.288110383,166.7410714,302.1472218
'03-Oct-2014 03:00:00',-0.25418548,161.8125,296.3596136
'03-Oct-2014 04:00:00',-0.167598631,156.8839286,291.3713996
'03-Oct-2014 05:00:00',-0.111620914,151.9553571,285.6329472
'03-Oct-2014 06:00:00',0.000709778,147.0267857,281.5119406
'03-Oct-2014 07:00:00',0.000709778,142.0982143,293.9968036
'03-Oct-2014 08:00:00',0.000146893,137.1696429,290.895586
'03-Oct-2014 09:00:00',0.000709778,132.2410714,287.8476665
'03-Oct-2014 10:00:00',0.000709778,127.3125,284.5462557
'03-Oct-2014 11:00:00',0.000897407,122.9395574,281.2975104
'03-Oct-2014 12:00:00',0.001742106,120.7891304,275.8297608
'03-Oct-2014 13:00:00',0.000334521,118.823913,276.729885
'03-Oct-2014 14:00:00',0.000297798,116.8586957,279.6569053
'03-Oct-2014 15:00:00',7.34E-05,114.8934783,273.3009398
'03-Oct-2014 16:00:00',0.000261075,112.9282609,269.6515969
'03-Oct-2014 17:00:00',0.001319756,110.9630435,272.4373447
'03-Oct-2014 18:00:00',0.002164455,108.9978261,265.6410443
'03-Oct-2014 19:00:00',0.003310728,107.0326087,265.8051466
'03-Oct-2014 20:00:00',0.003310728,105.0673913,277.3599174
'03-Oct-2014 21:00:00',0.003310728,103.1021739,274.4999783
'03-Oct-2014 22:00:00',0.002586804,101.1369565,263.1199579
'03-Oct-2014 23:00:00',0.002586804,99.17173913,250.1359509
'04-Oct-2014 00:00:00',0.002164455,97.20652174,247.0798151
'04-Oct-2014 01:00:00',0.001319756,95.24130435,241.0654035
'04-Oct-2014 02:00:00',0.000897407,93.27608695,248.5397733
'04-Oct-2014 03:00:00',0.000709778,91.31086956,246.5842715
'04-Oct-2014 04:00:00',0.000897407,89.34565217,242.9299245
'04-Oct-2014 05:00:00',0.000146893,87.38043478,237.7579336
'04-Oct-2014 06:00:00',0.000334521,85.41521739,245.0952736
'04-Oct-2014 07:00:00',0.00052215,83.45,247.2901669
'04-Oct-2014 08:00:00',0.00052215,81.48478261,244.1710218
'04-Oct-2014 09:00:00',0.000334521,79.51956522,239.8093421
'04-Oct-2014 10:00:00',0.000334521,77.55434782,236.1339532
'04-Oct-2014 11:00:00',0.000897407,75.58913043,253.1657538
'04-Oct-2014 12:00:00',0.000897407,73.62391304,274.5417812
'04-Oct-2014 13:00:00',0.001132128,71.65869565,276.4790567
'04-Oct-2014 14:00:00',0.001319756,69.69347826,275.2319157
'04-Oct-2014 15:00:00',0.001554477,67.72826087,275.1762146
'04-Oct-2014 16:00:00',0.001742106,66.34495075,273.2250983
'04-Oct-2014 17:00:00',0.002164455,65.93148607,274.7705917
'04-Oct-2014 18:00:00',0.002586804,65.51802139,273.4648295
'04-Oct-2014 19:00:00',0.002586804,65.1045567,271.0937857
'04-Oct-2014 20:00:00',0.003310728,64.69109202,266.5405083
'04-Oct-2014 21:00:00',0.002586804,64.27762734,266.3737365
'04-Oct-2014 22:00:00',0.002586804,63.86416266,265.3420205
'04-Oct-2014 23:00:00',0.001742106,63.45069798,262.401997
'05-Oct-2014 00:00:00',0.001742106,63.0372333,263.8022332
'05-Oct-2014 01:00:00',0.001319756,62.62376862,261.6413207
'05-Oct-2014 02:00:00',0.001319756,62.21030394,256.4553734
'05-Oct-2014 03:00:00',0.001319756,61.79683926,259.7363328
'05-Oct-2014 04:00:00',0.001366849,61.38337458,253.6732006
'05-Oct-2014 05:00:00',0.001742106,60.9699099,256.8031376
'05-Oct-2014 06:00:00',0.001132128,60.55644521,259.4249874
'05-Oct-2014 07:00:00',0.002164455,60.14298053,256.5275235
'05-Oct-2014 08:00:00',0.001319756,59.72951585,254.7007381
'05-Oct-2014 09:00:00',0.001319756,59.31605117,253.8073924
'05-Oct-2014 10:00:00',-0.46613336,58.90258649,254.3168768
'05-Oct-2014 11:00:00',-0.381204296,58.48912181,254.5401872
'05-Oct-2014 12:00:00',-0.210849949,58.07565713,256.7765069
'05-Oct-2014 13:00:00',0.000334521,57.66219245,213.8252161
'05-Oct-2014 14:00:00',0.000146893,57.24872777,212.9930642
'05-Oct-2014 15:00:00',0.000709778,56.83526309,210.351458
'05-Oct-2014 16:00:00',0.001742106,56.42179841,213.6445464
'05-Oct-2014 17:00:00',0.002586804,56.00833372,211.851553
'05-Oct-2014 18:00:00',0.002164455,55.59486904,212.8527055
'05-Oct-2014 19:00:00',0.002586804,55.18140436,213.7888266
'05-Oct-2014 20:00:00',0.002586804,54.76793968,213.6425077
'05-Oct-2014 21:00:00',-0.154503103,54.35837961,213.4784819
'05-Oct-2014 22:00:00',-0.501987647,60.98495567,217.0650835
'05-Oct-2014 23:00:00',-1.533013358,74.57240476,228.4181636
'06-Oct-2014 00:00:00',-1.244087348,181.3705371,244.7226478
'06-Oct-2014 01:00:00',-0.944377073,408.6839409,289.4823046
'06-Oct-2014 02:00:00',-0.686879766,519.8125,382.3363422
'06-Oct-2014 03:00:00',-0.54920059,545.3593245,384.3722195
'06-Oct-2014 04:00:00',3.233586884,529.6555436,377.4823533
'06-Oct-2014 05:00:00',9.019586317,491.4285714,369.1636487
'06-Oct-2014 06:00:00',10.14712233,470.8571428,362.7110914
'06-Oct-2014 07:00:00',10.01624082,437.375,357.3751965
'06-Oct-2014 08:00:00',8.807510103,414.75,349.3414066
'06-Oct-2014 09:00:00',6.970018727,389.5,342.1756274
'06-Oct-2014 10:00:00',4.984171835,366.2727272,333.6041546
'06-Oct-2014 11:00:00',2.861852121,351,328.3749219
'06-Oct-2014 12:00:00',1.259864547,335.7272727,316.4189835
'06-Oct-2014 13:00:00',0.250195885,320.4545454,294.6356535
'06-Oct-2014 14:00:00',0.000485427,305.1818182,271.898654
'06-Oct-2014 15:00:00',0.001366849,289.9090909,282.950289
'06-Oct-2014 16:00:00',0.002586804,274.6363636,306.0204961
'06-Oct-2014 17:00:00',0.003310728,259.3636363,302.5493632
'06-Oct-2014 18:00:00',0.002586804,245.4724026,286.9458335
'06-Oct-2014 19:00:00',0.002586804,237.1071429,267.4440217
'06-Oct-2014 20:00:00',0.003310728,229.2023809,254.3366361
'06-Oct-2014 21:00:00',0.002586804,221.2976191,256.922492
'06-Oct-2014 22:00:00',0.001742106,213.3928571,253.9509967
'06-Oct-2014 23:00:00',0.001319756,205.4880952,252.0955187
'07-Oct-2014 00:00:00',0.000897407,197.5833333,255.0275185
'07-Oct-2014 01:00:00',0.000897407,189.6785714,254.1486472
'07-Oct-2014 02:00:00',0.00052215,181.7738095,254.1690316
'07-Oct-2014 03:00:00',0.000146893,173.8690476,253.7188215
'07-Oct-2014 04:00:00',0.000146893,165.9642857,251.8177536
'07-Oct-2014 05:00:00',0.000334521,160.7134146,246.9218751
'07-Oct-2014 06:00:00',0.000146893,157.054878,246.9522649
'07-Oct-2014 07:00:00',0.000146893,153.3963415,246.435336
'07-Oct-2014 08:00:00',0.00052215,149.7378049,238.636492
'07-Oct-2014 09:00:00',0.000709778,146.0792683,241.6265137
'07-Oct-2014 10:00:00',0.001132128,142.4207317,244.3926447
'07-Oct-2014 11:00:00',0.00052215,138.7621951,241.8720608
'07-Oct-2014 12:00:00',0.000897407,135.1036585,241.6994097
'07-Oct-2014 13:00:00',0.00052215,131.4451219,240.1569887
'07-Oct-2014 14:00:00',0.000709778,127.7865854,236.0839786
'07-Oct-2014 15:00:00',0.000709778,124.1280488,236.6736581
'07-Oct-2014 16:00:00',0.001132128,120.4695122,236.5186639
'07-Oct-2014 17:00:00',0.002164455,116.8109756,236.7045623
'07-Oct-2014 18:00:00',0.001742106,113.152439,232.0806257
'07-Oct-2014 19:00:00',0.002164455,109.4939024,232.5666093
'07-Oct-2014 20:00:00',0.001742106,105.8353659,235.2133092
'07-Oct-2014 21:00:00',0.001319756,102.1768293,231.260874
'07-Oct-2014 22:00:00',0.001319756,98.51829268,227.4178154
'07-Oct-2014 23:00:00',0.001319756,94.85975609,224.2072914
'08-Oct-2014 00:00:00',0.001742106,91.20121951,232.4848976
'08-Oct-2014 01:00:00',0.002164455,88.0445122,224.5633692
'08-Oct-2014 02:00:00',0.001319756,86.89512195,222.0135172
'08-Oct-2014 03:00:00',0.000897407,85.91300813,219.9601481
'08-Oct-2014 04:00:00',0.001319756,84.93089431,219.8890042
'08-Oct-2014 05:00:00',0.001319756,83.94878049,218.829504
'08-Oct-2014 06:00:00',0.001319756,82.96666667,218.6380513
'08-Oct-2014 07:00:00',0.001319756,81.98455285,218.4914755
'08-Oct-2014 08:00:00',0.000897407,81.00243903,218.0306693
'08-Oct-2014 09:00:00',0.000897407,80.0203252,217.8039805
'08-Oct-2014 10:00:00',0.001319756,79.03821138,216.6731694
'08-Oct-2014 11:00:00',0.000897407,78.05609756,213.280303
'08-Oct-2014 12:00:00',0.001319756,77.07398374,216.2806829
'08-Oct-2014 13:00:00',0.000709778,76.09186992,217.0659514
'08-Oct-2014 14:00:00',0.00052215,75.1097561,217.0119744
'08-Oct-2014 15:00:00',0.00052215,74.12764228,215.9151207
'08-Oct-2014 16:00:00',0.000709778,73.14552846,215.304076
'08-Oct-2014 17:00:00',0.001742106,72.16341464,214.235889
'08-Oct-2014 18:00:00',0.001742106,71.18130081,212.9438581
'08-Oct-2014 19:00:00',0.002586804,70.19918699,211.7927568
'08-Oct-2014 20:00:00',0.002164455,69.21707317,212.8028029
'08-Oct-2014 21:00:00',0.002586804,68.23495935,210.5904039
'08-Oct-2014 22:00:00',0.002164455,67.25284553,212.0533123
'08-Oct-2014 23:00:00',0.002164455,66.27073171,211.2130357
'09-Oct-2014 00:00:00',0.001742106,65.28861789,212.9308165
'09-Oct-2014 01:00:00',0.002164455,64.30650407,212.361686
'09-Oct-2014 02:00:00',0.001742106,63.32439025,210.6384098
'09-Oct-2014 03:00:00',0.001742106,62.34227642,210.7640505
'09-Oct-2014 04:00:00',0.002164455,61.3601626,211.1351091
'09-Oct-2014 05:00:00',0.001319756,60.37804878,210.5020232
'09-Oct-2014 06:00:00',0.000897407,59.39593496,209.1706776
'09-Oct-2014 07:00:00',0.000897407,58.41382114,210.1790917
'09-Oct-2014 08:00:00',0.001319756,57.43170732,222.2892899
'09-Oct-2014 09:00:00',0.000709778,56.4495935,237.224644
'09-Oct-2014 10:00:00',0.000897407,55.46747968,210.1399514
'09-Oct-2014 11:00:00',0.000897407,54.48536585,210.9940696
'09-Oct-2014 12:00:00',0.000897407,53.50325204,205.4850114
'09-Oct-2014 13:00:00',0.00052215,52.52113821,204.6300382
'09-Oct-2014 14:00:00',0.000334521,51.53902439,204.5969891
'09-Oct-2014 15:00:00',0.000485427,50.55691057,204.9255374
'09-Oct-2014 16:00:00',0.000485427,49.57479675,204.9345885
'09-Oct-2014 17:00:00',0.002164455,48.59268293,205.2411615
'09-Oct-2014 18:00:00',0.002586804,47.61056911,214.7848198
'09-Oct-2014 19:00:00',0.002164455,46.62845529,210.1155254
'09-Oct-2014 20:00:00',0.003310728,45.64634146,206.0501005
'09-Oct-2014 21:00:00',0.001742106,44.66422764,206.3796295
'09-Oct-2014 22:00:00',0.002164455,43.68211382,206.2808532
'09-Oct-2014 23:00:00',0.002164455,42.7,206.0314359
'10-Oct-2014 00:00:00',0.001742106,41.71788618,206.5753719
